(left right width height horizontal_advance vertical_advance h_bearing_x h_bearing_y v_bearing_x v_bearing_y) 
version: 1
16
1
resources/fonts/default.png
0 32 0 0 0 0 7 0 0 0 8 504 8 504
0 33 0.046875 0.125 1 8 7 0 3 8 23 508 24 500
0 34 0.03125 0.140625 3 3 7 0 2 9 38 506 41 503
0 35 0 0.125 7 8 7 0 0 8 52 508 59 500
0 36 0.015625 0.125 5 9 7 0 1 8 69 509 74 500
0 37 0 0.125 7 8 7 0 0 8 84 508 91 500
0 38 0.015625 0.125 6 8 7 0 1 8 101 508 107 500
0 39 0.046875 0.140625 1 3 7 0 3 9 119 506 120 503
0 40 0.03125 0.140625 3 11 7 0 2 9 134 510 137 499
0 41 0.03125 0.140625 3 11 7 0 2 9 150 510 153 499
0 42 0.015625 0.09375 5 5 7 0 1 6 165 507 170 502
0 43 0.015625 0.09375 5 5 7 0 1 6 181 507 186 502
0 44 0.015625 0.03125 2 4 7 0 1 2 199 506 201 502
0 45 0.015625 0.0625 5 1 7 0 1 4 213 505 218 504
0 46 0.03125 0.03125 1 2 7 0 2 2 231 505 232 503
0 47 0.015625 0.140625 5 10 7 0 1 9 245 509 250 499
0 48 0.015625 0.125 5 8 7 0 1 8 261 508 266 500
0 49 0.015625 0.125 5 8 7 0 1 8 277 508 282 500
0 50 0.015625 0.125 5 8 7 0 1 8 293 508 298 500
0 51 0.015625 0.125 5 8 7 0 1 8 309 508 314 500
0 52 0.015625 0.125 6 8 7 0 1 8 325 508 331 500
0 53 0.015625 0.125 5 8 7 0 1 8 341 508 346 500
0 54 0.015625 0.125 5 8 7 0 1 8 357 508 362 500
0 55 0.015625 0.125 5 8 7 0 1 8 373 508 378 500
0 56 0.015625 0.125 5 8 7 0 1 8 389 508 394 500
0 57 0.015625 0.125 5 8 7 0 1 8 405 508 410 500
0 58 0.046875 0.09375 1 6 7 0 3 6 423 507 424 501
0 59 0.015625 0.09375 2 8 7 0 1 6 439 508 441 500
0 60 0 0.09375 6 5 7 0 0 6 453 507 459 502
0 61 0.015625 0.078125 6 3 7 0 1 5 469 506 475 503
0 62 0.015625 0.09375 6 5 7 0 1 6 485 507 491 502
0 63 0.015625 0.125 5 8 7 0 1 8 501 508 506 500
0 64 0 0.125 7 8 7 0 0 8 4 492 11 484
0 65 0.015625 0.125 6 8 7 0 1 8 21 492 27 484
0 66 0.015625 0.125 6 8 7 0 1 8 37 492 43 484
0 67 0.015625 0.125 6 8 7 0 1 8 53 492 59 484
0 68 0.015625 0.125 6 8 7 0 1 8 69 492 75 484
0 69 0.015625 0.125 5 8 7 0 1 8 85 492 90 484
0 70 0.015625 0.125 5 8 7 0 1 8 101 492 106 484
0 71 0.015625 0.125 6 8 7 0 1 8 117 492 123 484
0 72 0.015625 0.125 6 8 7 0 1 8 133 492 139 484
0 73 0.03125 0.125 3 8 7 0 2 8 150 492 153 484
0 74 0.015625 0.125 4 8 7 0 1 8 166 492 170 484
0 75 0.015625 0.125 6 8 7 0 1 8 181 492 187 484
0 76 0.015625 0.125 5 8 7 0 1 8 197 492 202 484
0 77 0 0.125 7 8 7 0 0 8 212 492 219 484
0 78 0.015625 0.125 6 8 7 0 1 8 229 492 235 484
0 79 0.015625 0.125 6 8 7 0 1 8 245 492 251 484
0 80 0.015625 0.125 5 8 7 0 1 8 261 492 266 484
0 81 0.015625 0.125 6 9 7 0 1 8 277 493 283 484
0 82 0.015625 0.125 6 8 7 0 1 8 293 492 299 484
0 83 0.015625 0.125 6 8 7 0 1 8 309 492 315 484
0 84 0 0.125 7 8 7 0 0 8 324 492 331 484
0 85 0.015625 0.125 6 8 7 0 1 8 341 492 347 484
0 86 0 0.125 7 8 7 0 0 8 356 492 363 484
0 87 0 0.125 7 8 7 0 0 8 372 492 379 484
0 88 0.015625 0.125 6 8 7 0 1 8 389 492 395 484
0 89 0 0.125 7 8 7 0 0 8 404 492 411 484
0 90 0.015625 0.125 6 8 7 0 1 8 421 492 427 484
0 91 0.03125 0.140625 3 11 7 0 2 9 438 494 441 483
0 92 0.015625 0.140625 5 10 7 0 1 9 453 493 458 483
0 93 0.03125 0.140625 3 11 7 0 2 9 470 494 473 483
0 94 0.015625 0.140625 5 6 7 0 1 9 485 491 490 485
0 95 0 0 7 1 7 0 0 0 500 489 507 488
0 96 0.03125 0.140625 2 2 7 0 2 9 7 473 9 471
0 97 0.015625 0.09375 5 6 7 0 1 6 21 475 26 469
0 98 0.015625 0.140625 5 9 7 0 1 9 37 477 42 468
0 99 0.015625 0.09375 5 6 7 0 1 6 53 475 58 469
0 100 0.015625 0.140625 5 9 7 0 1 9 69 477 74 468
0 101 0.015625 0.09375 5 6 7 0 1 6 85 475 90 469
0 102 0.015625 0.140625 5 9 7 0 1 9 101 477 106 468
0 103 0.015625 0.09375 5 9 7 0 1 6 117 477 122 468
0 104 0.015625 0.140625 5 9 7 0 1 9 133 477 138 468
0 105 0.03125 0.140625 2 9 7 0 2 9 151 477 153 468
0 106 0.015625 0.140625 4 11 7 0 1 9 166 478 170 467
0 107 0.015625 0.140625 5 9 7 0 1 9 181 477 186 468
0 108 0.03125 0.140625 2 9 7 0 2 9 199 477 201 468
0 109 0 0.09375 7 6 7 0 0 6 212 475 219 469
0 110 0.015625 0.09375 5 6 7 0 1 6 229 475 234 469
0 111 0.015625 0.09375 5 6 7 0 1 6 245 475 250 469
0 112 0.015625 0.09375 5 9 7 0 1 6 261 477 266 468
0 113 0.015625 0.09375 5 9 7 0 1 6 277 477 282 468
0 114 0.015625 0.09375 5 6 7 0 1 6 293 475 298 469
0 115 0.015625 0.09375 5 6 7 0 1 6 309 475 314 469
0 116 0.03125 0.125 4 8 7 0 2 8 326 476 330 468
0 117 0.015625 0.09375 5 6 7 0 1 6 341 475 346 469
0 118 0.015625 0.09375 5 6 7 0 1 6 357 475 362 469
0 119 0 0.09375 7 6 7 0 0 6 372 475 379 469
0 120 0.015625 0.09375 5 6 7 0 1 6 389 475 394 469
0 121 0.015625 0.09375 5 9 7 0 1 6 405 477 410 468
0 122 0.015625 0.09375 5 6 7 0 1 6 421 475 426 469
0 123 0.015625 0.140625 5 11 7 0 1 9 437 478 442 467
0 124 0.046875 0.140625 1 11 7 0 3 9 455 478 456 467
0 125 0.015625 0.140625 5 11 7 0 1 9 469 478 474 467
0 126 0 0.078125 7 2 7 0 0 5 484 473 491 471
0 127 0 0 0 0 7 0 0 0 504 472 504 472
0 129 0 0 0 0 7 0 0 0 8 456 8 456
0 130 0.03125 0.03125 2 4 7 0 2 2 23 458 25 454
0 131 0.015625 0.140625 5 11 7 0 1 9 37 462 42 451
0 132 0.03125 0.03125 3 3 7 0 2 2 54 458 57 455
0 133 0.015625 0.015625 5 1 7 0 1 1 69 457 74 456
0 134 0.015625 0.140625 5 9 7 0 1 9 85 461 90 452
0 135 0.015625 0.140625 5 9 7 0 1 9 101 461 106 452
0 136 0.015625 0.140625 5 3 7 0 1 9 117 458 122 455
0 137 0.015625 0.125 6 8 7 0 1 8 133 460 139 452
0 138 0.015625 0.15625 6 10 7 0 1 10 149 461 155 451
0 139 0.015625 0.09375 3 5 7 0 1 6 166 459 169 454
0 140 0 0.125 7 8 7 0 0 8 180 460 187 452
0 141 0 0 0 0 7 0 0 0 200 456 200 456
0 142 0.015625 0.15625 6 10 7 0 1 10 213 461 219 451
0 143 0 0 0 0 7 0 0 0 232 456 232 456
0 144 0 0 0 0 7 0 0 0 248 456 248 456
0 145 0.046875 0.140625 2 3 7 0 3 9 263 458 265 455
0 146 0.03125 0.140625 2 3 7 0 2 9 279 458 281 455
0 147 0.03125 0.140625 4 3 7 0 2 9 294 458 298 455
0 148 0.015625 0.140625 4 3 7 0 1 9 310 458 314 455
0 149 0.015625 0.09375 5 5 7 0 1 6 325 459 330 454
0 150 0.015625 0.0625 5 1 7 0 1 4 341 457 346 456
0 151 0 0.0625 7 1 7 0 0 4 356 457 363 456
0 152 0.015625 0.125 4 2 7 0 1 8 374 457 378 455
0 153 0 0.125 7 4 7 0 0 8 388 458 395 454
0 154 0.015625 0.140625 5 9 7 0 1 9 405 461 410 452
0 155 0.015625 0.09375 3 5 7 0 1 6 422 459 425 454
0 156 0 0.09375 7 6 7 0 0 6 436 459 443 453
0 157 0 0 0 0 7 0 0 0 456 456 456 456
0 158 0.015625 0.140625 5 9 7 0 1 9 469 461 474 452
0 159 0 0.140625 7 9 7 0 0 9 484 461 491 452
0 160 0 0 0 0 7 0 0 0 504 456 504 456
0 161 0.046875 0.125 1 8 7 0 3 8 7 444 8 436
0 162 0.015625 0.109375 5 8 7 0 1 7 21 444 26 436
0 163 0.015625 0.125 5 8 7 0 1 8 37 444 42 436
0 164 0 0.109375 7 7 7 0 0 7 52 444 59 437
0 165 0 0.125 7 8 7 0 0 8 68 444 75 436
0 166 0.046875 0.140625 1 11 7 0 3 9 87 446 88 435
0 167 0.015625 0.140625 5 9 7 0 1 9 101 445 106 436
0 168 0.03125 0.140625 3 1 7 0 2 9 118 441 121 440
0 169 0 0.125 7 8 7 0 0 8 132 444 139 436
0 170 0.015625 0.125 4 5 7 0 1 8 150 443 154 438
0 171 0.015625 0.09375 5 5 7 0 1 6 165 443 170 438
0 172 0.015625 0.0625 4 4 7 0 1 4 182 442 186 438
0 173 0 0 0 0 7 0 0 0 200 440 200 440
0 174 0 0.125 7 8 7 0 0 8 212 444 219 436
0 175 0 0.15625 7 1 7 0 0 10 228 441 235 440
0 176 0.015625 0.140625 4 4 7 0 1 9 246 442 250 438
0 177 0.015625 0.109375 5 7 7 0 1 7 261 444 266 437
0 178 0.015625 0.140625 4 5 7 0 1 9 278 443 282 438
0 179 0.015625 0.140625 4 5 7 0 1 9 294 443 298 438
0 180 0.046875 0.140625 2 2 7 0 3 9 311 441 313 439
0 181 0 0.09375 7 8 7 0 0 6 324 444 331 436
0 182 0.015625 0.125 6 9 7 0 1 8 341 445 347 436
0 183 0.03125 0.078125 3 3 7 0 2 5 358 442 361 439
0 184 0.046875 0 2 3 7 0 3 0 375 442 377 439
0 185 0.015625 0.140625 3 5 7 0 1 9 390 443 393 438
0 186 0.015625 0.140625 4 5 7 0 1 9 406 443 410 438
0 187 0.015625 0.09375 5 5 7 0 1 6 421 443 426 438
0 188 0.015625 0.15625 6 10 7 0 1 10 437 445 443 435
0 189 0.015625 0.15625 6 10 7 0 1 10 453 445 459 435
0 190 0 0.15625 7 10 7 0 0 10 468 445 475 435
0 191 0.015625 0.125 5 8 7 0 1 8 485 444 490 436
0 192 0.015625 0.15625 6 10 7 0 1 10 501 445 507 435
0 193 0.015625 0.15625 6 10 7 0 1 10 5 429 11 419
0 194 0.015625 0.15625 6 10 7 0 1 10 21 429 27 419
0 195 0.015625 0.15625 6 10 7 0 1 10 37 429 43 419
0 196 0.015625 0.140625 6 9 7 0 1 9 53 429 59 420
0 197 0.015625 0.15625 6 10 7 0 1 10 69 429 75 419
0 198 0 0.125 7 8 7 0 0 8 84 428 91 420
0 199 0.015625 0.125 6 11 7 0 1 8 101 430 107 419
0 200 0.015625 0.15625 5 10 7 0 1 10 117 429 122 419
0 201 0.015625 0.15625 5 10 7 0 1 10 133 429 138 419
0 202 0.015625 0.15625 5 10 7 0 1 10 149 429 154 419
0 203 0.015625 0.140625 5 9 7 0 1 9 165 429 170 420
0 204 0.03125 0.15625 3 10 7 0 2 10 182 429 185 419
0 205 0.03125 0.15625 3 10 7 0 2 10 198 429 201 419
0 206 0.03125 0.15625 3 10 7 0 2 10 214 429 217 419
0 207 0.03125 0.140625 3 9 7 0 2 9 230 429 233 420
0 208 0 0.109375 7 7 7 0 0 7 244 428 251 421
0 209 0.015625 0.15625 6 10 7 0 1 10 261 429 267 419
0 210 0.015625 0.15625 6 10 7 0 1 10 277 429 283 419
0 211 0.015625 0.15625 6 10 7 0 1 10 293 429 299 419
0 212 0.015625 0.15625 6 10 7 0 1 10 309 429 315 419
0 213 0.015625 0.15625 6 10 7 0 1 10 325 429 331 419
0 214 0.015625 0.140625 6 9 7 0 1 9 341 429 347 420
0 215 0.015625 0.09375 5 5 7 0 1 6 357 427 362 422
0 216 0.015625 0.125 6 8 7 0 1 8 373 428 379 420
0 217 0.015625 0.15625 6 10 7 0 1 10 389 429 395 419
0 218 0.015625 0.15625 6 10 7 0 1 10 405 429 411 419
0 219 0.015625 0.15625 6 10 7 0 1 10 421 429 427 419
0 220 0.015625 0.140625 6 9 7 0 1 9 437 429 443 420
0 221 0 0.15625 7 10 7 0 0 10 452 429 459 419
0 222 0.015625 0.125 5 8 7 0 1 8 469 428 474 420
0 223 0 0.140625 7 10 7 0 0 9 484 429 491 419
0 224 0.015625 0.140625 5 9 7 0 1 9 501 429 506 420
0 225 0.015625 0.140625 5 9 7 0 1 9 5 413 10 404
0 226 0.015625 0.140625 5 9 7 0 1 9 21 413 26 404
0 227 0.015625 0.140625 5 9 7 0 1 9 37 413 42 404
0 228 0.015625 0.125 5 8 7 0 1 8 53 412 58 404
0 229 0.015625 0.15625 5 10 7 0 1 10 69 413 74 403
0 230 0 0.09375 7 6 7 0 0 6 84 411 91 405
0 231 0.015625 0.09375 5 9 7 0 1 6 101 413 106 404
0 232 0.015625 0.140625 5 9 7 0 1 9 117 413 122 404
0 233 0.015625 0.140625 5 9 7 0 1 9 133 413 138 404
0 234 0.015625 0.140625 5 9 7 0 1 9 149 413 154 404
0 235 0.015625 0.125 5 8 7 0 1 8 165 412 170 404
0 236 0.03125 0.140625 2 9 7 0 2 9 183 413 185 404
0 237 0.03125 0.140625 2 9 7 0 2 9 199 413 201 404
0 238 0.03125 0.140625 3 9 7 0 2 9 214 413 217 404
0 239 0.03125 0.140625 3 9 7 0 2 9 230 413 233 404
0 240 0.015625 0.140625 5 9 7 0 1 9 245 413 250 404
0 241 0.015625 0.140625 5 9 7 0 1 9 261 413 266 404
0 242 0.015625 0.140625 5 9 7 0 1 9 277 413 282 404
0 243 0.015625 0.140625 5 9 7 0 1 9 293 413 298 404
0 244 0.015625 0.140625 5 9 7 0 1 9 309 413 314 404
0 245 0.015625 0.140625 5 9 7 0 1 9 325 413 330 404
0 246 0.015625 0.125 5 8 7 0 1 8 341 412 346 404
0 247 0.015625 0.09375 5 5 7 0 1 6 357 411 362 406
0 248 0.015625 0.109375 5 8 7 0 1 7 373 412 378 404
0 249 0.015625 0.140625 5 9 7 0 1 9 389 413 394 404
0 250 0.015625 0.140625 5 9 7 0 1 9 405 413 410 404
0 251 0.015625 0.140625 5 9 7 0 1 9 421 413 426 404
0 252 0.015625 0.125 5 8 7 0 1 8 437 412 442 404
0 253 0.015625 0.140625 5 12 7 0 1 9 453 414 458 402
0 254 0.015625 0.125 5 10 7 0 1 8 469 413 474 403
0 255 0.015625 0.125 5 11 7 0 1 8 485 414 490 403
0 8364 0.015625 0.109375 6 7 7 0 1 7 501 412 507 405
