(left right width height horizontal_advance vertical_advance h_bearing_x h_bearing_y v_bearing_x v_bearing_y) 
version: 1
16
1
resources/fonts/Roboto-Regular.png
0 32 0 0 0 0 4 0 0 0 8 504 8 504
0 33 0.015625 0.1875 2 12 4 0 1 12 23 510 25 498
0 34 0 0.1875 5 5 5 0 0 12 37 507 42 502
0 35 0 0.1875 10 12 10 0 0 12 51 510 61 498
0 36 0 0.21875 9 16 9 0 0 14 67 512 76 496
0 37 0 0.1875 12 12 12 0 0 12 82 510 94 498
0 38 0 0.1875 10 12 10 0 0 12 99 510 109 498
0 39 0 0.1875 3 4 3 0 0 12 118 506 121 502
0 40 0.015625 0.203125 5 17 5 0 1 13 133 512 138 495
0 41 0 0.203125 5 17 5 0 0 13 149 512 154 495
0 42 0 0.1875 7 8 7 0 0 12 164 508 171 500
0 43 0 0.15625 9 9 9 0 0 10 179 509 188 500
0 44 0 0.03125 3 4 3 0 0 2 198 506 201 502
0 45 0 0.078125 5 2 4 0 0 5 213 505 218 503
0 46 0.015625 0.03125 2 2 4 0 1 2 231 505 233 503
0 47 0 0.1875 7 13 7 0 0 12 244 511 251 498
0 48 0 0.1875 9 12 9 0 0 12 259 510 268 498
0 49 0.015625 0.1875 5 12 9 0 1 12 277 510 282 498
0 50 0 0.1875 9 12 9 0 0 12 291 510 300 498
0 51 0 0.1875 8 12 9 0 0 12 308 510 316 498
0 52 0 0.1875 9 12 9 0 0 12 323 510 332 498
0 53 0.015625 0.1875 8 12 9 0 1 12 340 510 348 498
0 54 0.015625 0.1875 8 12 9 0 1 12 356 510 364 498
0 55 0 0.1875 9 12 9 0 0 12 371 510 380 498
0 56 0 0.1875 9 12 9 0 0 12 387 510 396 498
0 57 0 0.1875 9 12 9 0 0 12 403 510 412 498
0 58 0.015625 0.140625 2 9 4 0 1 9 423 509 425 500
0 59 0 0.140625 3 11 4 0 0 9 438 510 441 499
0 60 0 0.125 7 8 8 0 0 8 452 508 459 500
0 61 0.015625 0.125 7 6 9 0 1 8 468 507 475 501
0 62 0.015625 0.125 7 8 8 0 1 8 484 508 491 500
0 63 0 0.1875 7 12 8 0 0 12 500 510 507 498
0 64 0 0.171875 14 15 14 0 0 11 1 496 15 481
0 65 0 0.1875 11 12 10 0 0 12 18 494 29 482
0 66 0.015625 0.1875 9 12 10 0 1 12 35 494 44 482
0 67 0 0.1875 10 12 10 0 0 12 51 494 61 482
0 68 0.015625 0.1875 9 12 11 0 1 12 67 494 76 482
0 69 0.015625 0.1875 8 12 9 0 1 12 84 494 92 482
0 70 0.015625 0.1875 8 12 9 0 1 12 100 494 108 482
0 71 0 0.1875 10 12 11 0 0 12 115 494 125 482
0 72 0.015625 0.1875 10 12 11 0 1 12 131 494 141 482
0 73 0.015625 0.1875 3 12 5 0 1 12 150 494 153 482
0 74 0 0.1875 8 12 9 0 0 12 164 494 172 482
0 75 0.015625 0.1875 10 12 10 0 1 12 179 494 189 482
0 76 0.015625 0.1875 8 12 9 0 1 12 196 494 204 482
0 77 0.015625 0.1875 12 12 14 0 1 12 210 494 222 482
0 78 0.015625 0.1875 10 12 11 0 1 12 227 494 237 482
0 79 0 0.1875 11 12 11 0 0 12 242 494 253 482
0 80 0.015625 0.1875 9 12 10 0 1 12 259 494 268 482
0 81 0 0.1875 11 14 11 0 0 12 274 495 285 481
0 82 0.015625 0.1875 9 12 11 0 1 12 291 494 300 482
0 83 0 0.1875 10 12 10 0 0 12 307 494 317 482
0 84 0 0.1875 10 12 9 0 0 12 323 494 333 482
0 85 0.015625 0.1875 9 12 11 0 1 12 339 494 348 482
0 86 0 0.1875 10 12 10 0 0 12 355 494 365 482
0 87 0 0.1875 14 12 14 0 0 12 369 494 383 482
0 88 0 0.1875 10 12 10 0 0 12 387 494 397 482
0 89 0 0.1875 10 12 10 0 0 12 403 494 413 482
0 90 0 0.1875 9 12 10 0 0 12 419 494 428 482
0 91 0.015625 0.203125 4 15 4 0 1 13 438 496 442 481
0 92 0 0.1875 7 13 7 0 0 12 452 495 459 482
0 93 0 0.203125 4 15 4 0 0 13 470 496 474 481
0 94 0 0.1875 7 6 7 0 0 12 484 491 491 485
0 95 0 0 8 2 7 0 0 0 500 489 508 487
0 96 0 0.203125 4 3 5 0 0 13 6 474 10 471
0 97 0 0.140625 8 9 9 0 0 9 20 477 28 468
0 98 0.015625 0.1875 8 12 9 0 1 12 36 478 44 466
0 99 0 0.140625 8 9 9 0 0 9 52 477 60 468
0 100 0 0.1875 8 12 9 0 0 12 68 478 76 466
0 101 0 0.140625 8 9 8 0 0 9 84 477 92 468
0 102 0 0.1875 6 12 6 0 0 12 101 478 107 466
0 103 0 0.140625 8 13 9 0 0 9 116 479 124 466
0 104 0.015625 0.1875 7 12 9 0 1 12 132 478 139 466
0 105 0.015625 0.203125 2 13 4 0 1 13 151 479 153 466
0 106 -0.015625 0.203125 4 17 4 0 -1 13 166 480 170 463
0 107 0.015625 0.1875 8 12 8 0 1 12 180 478 188 466
0 108 0.015625 0.1875 2 12 4 0 1 12 199 478 201 466
0 109 0.015625 0.140625 12 9 14 0 1 9 210 477 222 468
0 110 0.015625 0.140625 7 9 9 0 1 9 228 477 235 468
0 111 0 0.140625 9 9 9 0 0 9 243 477 252 468
0 112 0.015625 0.140625 8 13 9 0 1 9 260 479 268 466
0 113 0 0.140625 8 13 9 0 0 9 276 479 284 466
0 114 0.015625 0.140625 5 9 5 0 1 9 293 477 298 468
0 115 0 0.140625 8 9 8 0 0 9 308 477 316 468
0 116 0 0.1875 5 12 6 0 0 12 325 478 330 466
0 117 0.015625 0.140625 7 9 9 0 1 9 340 477 347 468
0 118 0 0.140625 8 9 8 0 0 9 356 477 364 468
0 119 0 0.140625 12 9 12 0 0 9 370 477 382 468
0 120 0 0.140625 8 9 8 0 0 9 388 477 396 468
0 121 0 0.140625 8 13 8 0 0 9 404 479 412 466
0 122 0 0.140625 8 9 8 0 0 9 420 477 428 468
0 123 0 0.1875 6 15 5 0 0 12 437 480 443 465
0 124 0.015625 0.1875 2 14 4 0 1 12 455 479 457 465
0 125 0 0.1875 5 15 5 0 0 12 469 480 474 465
0 126 0.015625 0.09375 9 4 11 0 1 6 483 474 492 470
0 160 0 0 0 0 4 0 0 0 504 472 504 472
0 161 0.015625 0.140625 2 12 4 0 1 9 7 462 9 450
0 162 0 0.171875 8 13 9 0 0 11 20 463 28 450
0 163 0 0.1875 9 12 9 0 0 12 35 462 44 450
0 164 0 0.171875 11 12 11 0 0 11 50 462 61 450
0 165 0 0.1875 10 12 10 0 0 12 67 462 77 450
0 166 0.015625 0.1875 2 14 4 0 1 12 87 463 89 449
0 167 0 0.1875 9 16 10 0 0 12 99 464 108 448
0 168 0.015625 0.1875 6 2 8 0 1 12 117 457 123 455
0 169 0 0.1875 12 12 13 0 0 12 130 462 142 450
0 170 0 0.1875 7 6 7 0 0 12 148 459 155 453
0 171 0 0.109375 8 6 8 0 0 7 164 459 172 453
0 172 0.015625 0.09375 7 4 9 0 1 6 180 458 187 454
0 173 0 0.078125 5 2 4 0 0 5 197 457 202 455
0 174 0 0.1875 12 12 13 0 0 12 210 462 222 450
0 175 0 0.1875 7 2 7 0 0 12 228 457 235 455
0 176 0.015625 0.1875 4 5 6 0 1 12 246 459 250 454
0 177 0 0.171875 8 11 9 0 0 11 260 462 268 451
0 178 0 0.1875 6 7 7 0 0 12 277 460 283 453
0 179 0 0.1875 6 7 7 0 0 12 293 460 299 453
0 180 0.015625 0.203125 4 3 5 0 1 13 310 458 314 455
0 181 0.015625 0.140625 7 13 9 0 1 9 324 463 331 450
0 182 0 0.1875 7 12 8 0 0 12 340 462 347 450
0 183 0.015625 0.109375 2 2 4 0 1 7 359 457 361 455
0 184 0 0 4 4 4 0 0 0 374 458 378 454
0 185 0 0.1875 4 7 4 0 0 12 390 460 394 453
0 186 0 0.1875 7 7 7 0 0 12 404 460 411 453
0 187 0 0.109375 8 6 8 0 0 7 420 459 428 453
0 188 0.015625 0.1875 11 12 12 0 1 12 434 462 445 450
0 189 0.015625 0.1875 11 12 13 0 1 12 450 462 461 450
0 190 0 0.1875 14 12 14 0 0 12 465 462 479 450
0 191 0 0.140625 8 12 8 0 0 9 484 462 492 450
0 192 0 0.234375 11 15 10 0 0 15 498 464 509 449
0 193 0 0.234375 11 15 10 0 0 15 2 448 13 433
0 194 0 0.25 11 16 10 0 0 16 18 448 29 432
0 195 0 0.25 11 16 10 0 0 16 34 448 45 432
0 196 0 0.234375 11 15 10 0 0 15 50 448 61 433
0 197 0 0.265625 11 17 10 0 0 17 66 448 77 431
0 198 -0.015625 0.1875 16 12 15 0 -1 12 80 446 96 434
0 199 0 0.1875 10 16 10 0 0 12 99 448 109 432
0 200 0.015625 0.234375 8 15 9 0 1 15 116 448 124 433
0 201 0.015625 0.234375 8 15 9 0 1 15 132 448 140 433
0 202 0.015625 0.25 8 16 9 0 1 16 148 448 156 432
0 203 0.015625 0.234375 8 15 9 0 1 15 164 448 172 433
0 204 -0.015625 0.234375 5 15 5 0 -1 15 181 448 186 433
0 205 0.015625 0.234375 5 15 5 0 1 15 197 448 202 433
0 206 0 0.25 6 16 5 0 0 16 213 448 219 432
0 207 -0.015625 0.234375 6 15 5 0 -1 15 229 448 235 433
0 208 0 0.1875 11 12 11 0 0 12 242 446 253 434
0 209 0.015625 0.25 10 16 11 0 1 16 259 448 269 432
0 210 0 0.234375 11 15 11 0 0 15 274 448 285 433
0 211 0 0.234375 11 15 11 0 0 15 290 448 301 433
0 212 0 0.25 11 16 11 0 0 16 306 448 317 432
0 213 0 0.25 11 16 11 0 0 16 322 448 333 432
0 214 0 0.234375 11 15 11 0 0 15 338 448 349 433
0 215 0 0.140625 8 8 9 0 0 9 356 444 364 436
0 216 0 0.203125 11 14 11 0 0 13 370 447 381 433
0 217 0.015625 0.234375 9 15 11 0 1 15 387 448 396 433
0 218 0.015625 0.234375 9 15 11 0 1 15 403 448 412 433
0 219 0.015625 0.25 9 16 11 0 1 16 419 448 428 432
0 220 0.015625 0.234375 9 15 11 0 1 15 435 448 444 433
0 221 0 0.234375 10 15 10 0 0 15 451 448 461 433
0 222 0.015625 0.1875 8 12 9 0 1 12 468 446 476 434
0 223 0.015625 0.1875 8 12 10 0 1 12 484 446 492 434
0 224 0 0.203125 8 13 9 0 0 13 500 447 508 434
0 225 0 0.203125 8 13 9 0 0 13 4 431 12 418
0 226 0 0.203125 8 13 9 0 0 13 20 431 28 418
0 227 0 0.203125 8 13 9 0 0 13 36 431 44 418
0 228 0 0.1875 8 12 9 0 0 12 52 430 60 418
0 229 0 0.21875 8 14 9 0 0 14 68 431 76 417
0 230 0 0.140625 13 9 14 0 0 9 81 429 94 420
0 231 0 0.140625 8 13 9 0 0 9 100 431 108 418
0 232 0 0.203125 8 13 8 0 0 13 116 431 124 418
0 233 0 0.203125 8 13 8 0 0 13 132 431 140 418
0 234 0 0.203125 8 13 8 0 0 13 148 431 156 418
0 235 0 0.1875 8 12 8 0 0 12 164 430 172 418
0 236 -0.015625 0.203125 4 13 4 0 -1 13 182 431 186 418
0 237 0.015625 0.203125 4 13 4 0 1 13 198 431 202 418
0 238 -0.015625 0.203125 6 13 4 0 -1 13 213 431 219 418
0 239 -0.015625 0.1875 6 12 4 0 -1 12 229 430 235 418
0 240 0 0.1875 9 12 9 0 0 12 243 430 252 418
0 241 0.015625 0.203125 7 13 9 0 1 13 260 431 267 418
0 242 0 0.203125 9 13 9 0 0 13 275 431 284 418
0 243 0 0.203125 9 13 9 0 0 13 291 431 300 418
0 244 0 0.203125 9 13 9 0 0 13 307 431 316 418
0 245 0 0.203125 9 13 9 0 0 13 323 431 332 418
0 246 0 0.1875 9 12 9 0 0 12 339 430 348 418
0 247 0 0.15625 9 9 9 0 0 10 355 429 364 420
0 248 0 0.15625 9 11 9 0 0 10 371 430 380 419
0 249 0.015625 0.203125 7 13 9 0 1 13 388 431 395 418
0 250 0.015625 0.203125 7 13 9 0 1 13 404 431 411 418
0 251 0.015625 0.203125 7 13 9 0 1 13 420 431 427 418
0 252 0.015625 0.1875 7 12 9 0 1 12 436 430 443 418
0 253 0 0.203125 8 17 8 0 0 13 452 432 460 415
0 254 0.015625 0.1875 8 16 9 0 1 12 468 432 476 416
0 255 0 0.1875 8 16 8 0 0 12 484 432 492 416
0 256 0 0.234375 11 15 10 0 0 15 498 432 509 417
0 257 0 0.1875 8 12 9 0 0 12 4 414 12 402
0 258 0 0.25 11 16 10 0 0 16 18 416 29 400
0 259 0 0.203125 8 13 9 0 0 13 36 415 44 402
0 260 0 0.1875 11 16 10 0 0 12 50 416 61 400
0 261 0 0.140625 9 13 9 0 0 9 67 415 76 402
0 262 0 0.234375 10 15 10 0 0 15 83 416 93 401
0 263 0 0.203125 8 13 9 0 0 13 100 415 108 402
0 264 0 0.25 10 16 10 0 0 16 115 416 125 400
0 265 0 0.203125 8 13 9 0 0 13 132 415 140 402
0 266 0 0.234375 10 15 10 0 0 15 147 416 157 401
0 267 0 0.1875 8 12 9 0 0 12 164 414 172 402
0 268 0 0.25 10 16 10 0 0 16 179 416 189 400
0 269 0 0.203125 8 13 9 0 0 13 196 415 204 402
0 270 0.015625 0.25 9 16 11 0 1 16 211 416 220 400
0 271 0 0.1875 11 12 10 0 0 12 226 414 237 402
0 272 0 0.1875 11 12 11 0 0 12 242 414 253 402
0 273 0 0.1875 10 12 9 0 0 12 259 414 269 402
0 274 0.015625 0.234375 8 15 9 0 1 15 276 416 284 401
0 275 0 0.1875 8 12 8 0 0 12 292 414 300 402
0 276 0.015625 0.25 8 16 9 0 1 16 308 416 316 400
0 277 0 0.203125 8 13 8 0 0 13 324 415 332 402
0 278 0.015625 0.234375 8 15 9 0 1 15 340 416 348 401
0 279 0 0.1875 8 12 8 0 0 12 356 414 364 402
0 280 0.015625 0.1875 8 16 9 0 1 12 372 416 380 400
0 281 0 0.140625 8 13 8 0 0 9 388 415 396 402
0 282 0.015625 0.25 8 16 9 0 1 16 404 416 412 400
0 283 0 0.203125 8 13 8 0 0 13 420 415 428 402
0 284 0 0.25 10 16 11 0 0 16 435 416 445 400
0 285 0 0.203125 8 17 9 0 0 13 452 416 460 399
0 286 0 0.25 10 16 11 0 0 16 467 416 477 400
0 287 0 0.203125 8 17 9 0 0 13 484 416 492 399
0 288 0 0.234375 10 15 11 0 0 15 499 416 509 401
0 289 0 0.1875 8 16 9 0 0 12 4 400 12 384
0 290 0 0.1875 10 16 11 0 0 12 19 400 29 384
0 291 0 0.21875 8 18 9 0 0 14 36 400 44 382
0 292 0.015625 0.25 10 16 11 0 1 16 51 400 61 384
0 293 0.015625 0.25 7 16 9 0 1 16 68 400 75 384
0 294 0 0.1875 12 12 11 0 0 12 82 398 94 386
0 295 0 0.1875 9 12 9 0 0 12 99 398 108 386
0 296 0 0.25 6 16 5 0 0 16 117 400 123 384
0 297 -0.015625 0.203125 6 13 4 0 -1 13 133 399 139 386
0 298 -0.015625 0.234375 7 15 5 0 -1 15 148 400 155 385
0 299 -0.03125 0.1875 7 12 4 0 -2 12 164 398 171 386
0 300 0 0.25 5 16 5 0 0 16 181 400 186 384
0 301 0 0.21875 5 14 4 0 0 14 197 399 202 385
0 302 0 0.1875 4 16 5 0 0 12 214 400 218 384
0 303 0 0.203125 4 17 4 0 0 13 230 400 234 383
0 304 0.015625 0.234375 3 15 5 0 1 15 246 400 249 385
0 305 0.015625 0.140625 2 9 4 0 1 9 263 397 265 388
0 306 0.015625 0.1875 12 12 13 0 1 12 274 398 286 386
0 307 0.015625 0.203125 6 17 8 0 1 13 293 400 299 383
0 308 0 0.25 10 16 9 0 0 16 307 400 317 384
0 309 -0.015625 0.203125 6 17 4 0 -1 13 325 400 331 383
0 310 0.015625 0.1875 10 16 10 0 1 12 339 400 349 384
0 311 0.015625 0.1875 8 16 8 0 1 12 356 400 364 384
0 312 0.015625 0.140625 8 9 9 0 1 9 372 397 380 388
0 313 0.015625 0.234375 8 15 9 0 1 15 388 400 396 385
0 314 0.015625 0.25 4 16 4 0 1 16 406 400 410 384
0 315 0.015625 0.1875 8 16 9 0 1 12 420 400 428 384
0 316 0 0.1875 3 16 4 0 0 12 438 400 441 384
0 317 0.015625 0.1875 8 12 9 0 1 12 452 398 460 386
0 318 0.015625 0.1875 5 12 5 0 1 12 469 398 474 386
0 319 0.015625 0.1875 8 12 9 0 1 12 484 398 492 386
0 320 0.015625 0.1875 5 12 6 0 1 12 501 398 506 386
0 321 0 0.1875 9 12 8 0 0 12 3 382 12 370
0 322 0 0.1875 5 12 4 0 0 12 21 382 26 370
0 323 0.015625 0.234375 10 15 11 0 1 15 35 384 45 369
0 324 0.015625 0.203125 7 13 9 0 1 13 52 383 59 370
0 325 0.015625 0.1875 10 16 11 0 1 12 67 384 77 368
0 326 0.015625 0.140625 7 13 9 0 1 9 84 383 91 370
0 327 0.015625 0.25 10 16 11 0 1 16 99 384 109 368
0 328 0.015625 0.203125 7 13 9 0 1 13 116 383 123 370
0 329 -0.015625 0.1875 9 12 9 0 -1 12 131 382 140 370
0 330 0.015625 0.1875 9 16 11 0 1 12 147 384 156 368
0 331 0.015625 0.140625 7 13 9 0 1 9 164 383 171 370
0 332 0 0.234375 11 15 11 0 0 15 178 384 189 369
0 333 0 0.1875 9 12 9 0 0 12 195 382 204 370
0 334 0 0.25 11 16 11 0 0 16 210 384 221 368
0 335 0 0.203125 9 13 9 0 0 13 227 383 236 370
0 336 0 0.25 11 16 11 0 0 16 242 384 253 368
0 337 0 0.203125 9 13 9 0 0 13 259 383 268 370
0 338 0 0.1875 15 12 15 0 0 12 272 382 287 370
0 339 0 0.140625 14 9 14 0 0 9 289 381 303 372
0 340 0.015625 0.234375 9 15 11 0 1 15 307 384 316 369
0 341 0.015625 0.203125 6 13 5 0 1 13 325 383 331 370
0 342 0.015625 0.1875 9 16 11 0 1 12 339 384 348 368
0 343 0 0.140625 6 13 5 0 0 9 357 383 363 370
0 344 0.015625 0.25 9 16 11 0 1 16 371 384 380 368
0 345 0.015625 0.203125 6 13 5 0 1 13 389 383 395 370
0 346 0 0.234375 10 15 10 0 0 15 403 384 413 369
0 347 0 0.203125 8 13 8 0 0 13 420 383 428 370
0 348 0 0.25 10 16 10 0 0 16 435 384 445 368
0 349 0 0.203125 8 13 8 0 0 13 452 383 460 370
0 350 0 0.1875 10 16 10 0 0 12 467 384 477 368
0 351 0 0.140625 8 13 8 0 0 9 484 383 492 370
0 352 0 0.25 10 16 10 0 0 16 499 384 509 368
0 353 0 0.203125 8 13 8 0 0 13 4 367 12 354
0 354 0 0.1875 10 16 9 0 0 12 19 368 29 352
0 355 0 0.1875 5 16 6 0 0 12 37 368 42 352
0 356 0 0.25 10 16 9 0 0 16 51 368 61 352
0 357 0 0.203125 6 13 6 0 0 13 69 367 75 354
0 358 0 0.1875 10 12 9 0 0 12 83 366 93 354
0 359 -0.015625 0.1875 6 12 6 0 -1 12 101 366 107 354
0 360 0.015625 0.25 9 16 11 0 1 16 115 368 124 352
0 361 0.015625 0.203125 7 13 9 0 1 13 132 367 139 354
0 362 0.015625 0.234375 9 15 11 0 1 15 147 368 156 353
0 363 0.015625 0.1875 7 12 9 0 1 12 164 366 171 354
0 364 0.015625 0.25 9 16 11 0 1 16 179 368 188 352
0 365 0.015625 0.203125 7 13 9 0 1 13 196 367 203 354
0 366 0.015625 0.265625 9 17 11 0 1 17 211 368 220 351
0 367 0.015625 0.21875 7 14 9 0 1 14 228 367 235 353
0 368 0.015625 0.25 9 16 11 0 1 16 243 368 252 352
0 369 0.015625 0.203125 8 13 9 0 1 13 260 367 268 354
0 370 0.015625 0.1875 9 16 11 0 1 12 275 368 284 352
0 371 0.015625 0.140625 8 13 9 0 1 9 292 367 300 354
0 372 0 0.25 14 16 14 0 0 16 305 368 319 352
0 373 0 0.203125 12 13 12 0 0 13 322 367 334 354
0 374 0 0.25 10 16 10 0 0 16 339 368 349 352
0 375 0 0.203125 8 17 8 0 0 13 356 368 364 351
0 376 0 0.234375 10 15 10 0 0 15 371 368 381 353
0 377 0 0.234375 9 15 10 0 0 15 387 368 396 353
0 378 0 0.203125 8 13 8 0 0 13 404 367 412 354
0 379 0 0.234375 9 15 10 0 0 15 419 368 428 353
0 380 0 0.1875 8 12 8 0 0 12 436 366 444 354
0 381 0 0.25 9 16 10 0 0 16 451 368 460 352
0 382 0 0.203125 8 13 8 0 0 13 468 367 476 354
0 383 0.015625 0.1875 5 12 4 0 1 12 485 366 490 354
0 402 -0.015625 0.1875 7 16 5 0 -1 12 500 368 507 352
0 416 0 0.203125 12 13 11 0 0 13 2 351 14 338
0 417 0 0.15625 10 10 9 0 0 10 19 349 29 339
0 431 0.015625 0.1875 12 12 11 0 1 12 34 350 46 338
0 432 0.015625 0.15625 10 10 9 0 1 10 51 349 61 339
0 496 -0.015625 0.203125 7 17 4 0 -1 13 68 352 75 335
0 506 0 0.265625 11 17 10 0 0 17 82 352 93 335
0 507 0 0.25 8 16 9 0 0 16 100 352 108 336
0 508 -0.015625 0.234375 16 15 15 0 -1 15 112 352 128 337
0 509 0 0.203125 13 13 14 0 0 13 129 351 142 338
0 510 0 0.25 11 17 11 0 0 16 146 352 157 335
0 511 0 0.203125 9 14 9 0 0 13 163 351 172 337
0 536 0 0.1875 10 16 10 0 0 12 179 352 189 336
0 537 0 0.140625 8 13 8 0 0 9 196 351 204 338
0 567 -0.015625 0.140625 4 13 4 0 -1 9 214 351 218 338
0 700 0 0.1875 3 5 3 0 0 12 230 347 233 342
0 710 0.015625 0.203125 6 3 8 0 1 13 245 346 251 343
0 711 0.015625 0.203125 6 3 7 0 1 13 261 346 267 343
0 713 0 0.1875 7 2 7 0 0 12 276 345 283 343
0 728 0.015625 0.203125 5 3 7 0 1 13 293 346 298 343
0 729 0.015625 0.1875 2 2 4 0 1 12 311 345 313 343
0 730 0.015625 0.203125 4 4 5 0 1 13 326 346 330 342
0 731 0 0 4 4 4 0 0 0 342 346 346 342
0 732 0.015625 0.203125 6 4 8 0 1 13 357 346 363 342
0 733 0 0.203125 7 3 6 0 0 13 372 346 379 343
0 755 0.015625 -0.015625 3 3 5 0 1 -1 390 346 393 343
0 768 -0.109375 0.1875 4 3 0 0 -7 12 406 346 410 343
0 769 -0.09375 0.1875 4 3 0 0 -6 12 422 346 426 343
0 771 -0.109375 0.203125 6 4 0 0 -7 13 437 346 443 342
0 777 -0.09375 0.21875 4 4 0 0 -6 14 454 346 458 342
0 783 -0.125 0.203125 7 3 0 0 -8 13 468 346 475 343
0 803 -0.09375 -0.015625 3 2 0 0 -6 -1 486 345 489 343
0 900 0.015625 0.203125 3 3 4 0 1 13 502 346 505 343
0 901 0.015625 0.21875 6 4 8 0 1 14 5 330 11 326
0 902 0 0.203125 11 13 10 0 0 13 18 335 29 322
0 903 0.015625 0.109375 2 2 4 0 1 7 39 329 41 327
0 904 -0.015625 0.203125 11 13 10 0 -1 13 50 335 61 322
0 905 0 0.203125 12 13 12 0 0 13 66 335 78 322
0 906 0 0.203125 5 13 5 0 0 13 85 335 90 322
0 908 0 0.203125 11 13 11 0 0 13 98 335 109 322
0 910 -0.03125 0.203125 13 13 11 0 -2 13 113 335 126 322
0 911 0 0.203125 10 13 11 0 0 13 131 335 141 322
0 912 -0.015625 0.203125 6 13 5 0 -1 13 149 335 155 322
0 913 0 0.1875 11 12 10 0 0 12 162 334 173 322
0 914 0.015625 0.1875 9 12 10 0 1 12 179 334 188 322
0 915 0.015625 0.1875 8 12 9 0 1 12 196 334 204 322
0 916 0 0.1875 11 12 11 0 0 12 210 334 221 322
0 917 0.015625 0.1875 8 12 9 0 1 12 228 334 236 322
0 918 0 0.1875 9 12 10 0 0 12 243 334 252 322
0 919 0.015625 0.1875 10 12 11 0 1 12 259 334 269 322
0 920 0 0.1875 11 12 11 0 0 12 274 334 285 322
0 921 0.015625 0.1875 3 12 5 0 1 12 294 334 297 322
0 922 0.015625 0.1875 10 12 10 0 1 12 307 334 317 322
0 923 0 0.1875 11 12 11 0 0 12 322 334 333 322
0 924 0.015625 0.1875 12 12 14 0 1 12 338 334 350 322
0 925 0.015625 0.1875 10 12 11 0 1 12 355 334 365 322
0 926 0 0.1875 9 12 9 0 0 12 371 334 380 322
0 927 0 0.1875 11 12 11 0 0 12 386 334 397 322
0 928 0.015625 0.1875 10 12 11 0 1 12 403 334 413 322
0 929 0.015625 0.1875 9 12 10 0 1 12 419 334 428 322
0 931 0 0.1875 9 12 9 0 0 12 435 334 444 322
0 932 0 0.1875 10 12 9 0 0 12 451 334 461 322
0 933 0 0.1875 10 12 10 0 0 12 467 334 477 322
0 934 0 0.1875 11 12 11 0 0 12 482 334 493 322
0 935 0 0.1875 10 12 10 0 0 12 499 334 509 322
0 936 0 0.1875 11 12 11 0 0 12 2 318 13 306
0 937 0 0.1875 10 12 11 0 0 12 19 318 29 306
0 938 -0.015625 0.234375 6 15 5 0 -1 15 37 320 43 305
0 939 0 0.234375 10 15 10 0 0 15 51 320 61 305
0 940 0 0.203125 9 13 9 0 0 13 67 319 76 306
0 941 0 0.203125 8 13 9 0 0 13 84 319 92 306
0 942 0.015625 0.203125 7 17 9 0 1 13 100 320 107 303
0 943 0.015625 0.203125 4 13 5 0 1 13 118 319 122 306
0 944 0.015625 0.203125 8 13 9 0 1 13 132 319 140 306
0 945 0 0.140625 9 9 9 0 0 9 147 317 156 308
0 946 0.015625 0.1875 8 15 9 0 1 12 164 320 172 305
0 947 0 0.140625 8 13 8 0 0 9 180 319 188 306
0 948 0 0.1875 9 12 9 0 0 12 195 318 204 306
0 949 0 0.140625 8 9 9 0 0 9 212 317 220 308
0 950 0 0.1875 8 16 8 0 0 12 228 320 236 304
0 951 0.015625 0.140625 7 13 9 0 1 9 244 319 251 306
0 952 0 0.1875 9 12 9 0 0 12 259 318 268 306
0 953 0.015625 0.140625 4 9 5 0 1 9 278 317 282 308
0 954 0.015625 0.140625 8 9 9 0 1 9 292 317 300 308
0 955 0 0.1875 9 12 9 0 0 12 307 318 316 306
0 956 0.015625 0.140625 7 13 9 0 1 9 324 319 331 306
0 957 0 0.140625 8 9 8 0 0 9 340 317 348 308
0 958 0 0.1875 8 15 8 0 0 12 356 320 364 305
0 959 0 0.140625 9 9 9 0 0 9 371 317 380 308
0 960 0 0.140625 10 9 10 0 0 9 387 317 397 308
0 961 0.015625 0.140625 8 13 9 0 1 9 404 319 412 306
0 962 0 0.140625 8 13 9 0 0 9 420 319 428 306
0 963 0 0.140625 9 9 9 0 0 9 435 317 444 308
0 964 0 0.140625 8 9 8 0 0 9 452 317 460 308
0 965 0.015625 0.140625 8 9 9 0 1 9 468 317 476 308
0 966 0 0.140625 11 13 11 0 0 9 482 319 493 306
0 967 0 0.140625 9 13 9 0 0 9 499 319 508 306
0 968 0 0.140625 11 13 11 0 0 9 2 303 13 290
0 969 0 0.140625 13 9 14 0 0 9 17 301 30 292
0 970 -0.015625 0.1875 6 12 5 0 -1 12 37 302 43 290
0 971 0.015625 0.1875 8 12 9 0 1 12 52 302 60 290
0 972 0 0.203125 9 13 9 0 0 13 67 303 76 290
0 973 0.015625 0.203125 8 13 9 0 1 13 84 303 92 290
0 974 0 0.203125 13 13 14 0 0 13 97 303 110 290
0 977 0 0.1875 10 12 10 0 0 12 115 302 125 290
0 978 -0.015625 0.1875 10 12 9 0 -1 12 131 302 141 290
0 982 0 0.140625 13 9 13 0 0 9 145 301 158 292
0 1024 0.015625 0.25 8 16 9 0 1 16 164 304 172 288
0 1025 0.015625 0.234375 8 15 9 0 1 15 180 304 188 289
0 1026 0 0.1875 12 13 12 0 0 12 194 303 206 290
0 1027 0.015625 0.234375 8 15 9 0 1 15 212 304 220 289
0 1028 0.015625 0.1875 9 12 11 0 1 12 227 302 236 290
0 1029 0 0.1875 10 12 10 0 0 12 243 302 253 290
0 1030 0.015625 0.1875 3 12 5 0 1 12 262 302 265 290
0 1031 -0.015625 0.234375 6 15 5 0 -1 15 277 304 283 289
0 1032 0 0.1875 8 12 9 0 0 12 292 302 300 290
0 1033 0 0.1875 17 12 17 0 0 12 304 302 321 290
0 1034 0.015625 0.1875 16 12 17 0 1 12 320 302 336 290
0 1035 0 0.1875 12 12 13 0 0 12 338 302 350 290
0 1036 0.015625 0.234375 10 15 10 0 1 15 355 304 365 289
0 1037 0.015625 0.234375 10 15 11 0 1 15 371 304 381 289
0 1038 0 0.25 10 16 10 0 0 16 387 304 397 288
0 1039 0.015625 0.1875 10 15 11 0 1 12 403 304 413 289
0 1040 0 0.1875 11 12 10 0 0 12 418 302 429 290
0 1041 0.015625 0.1875 9 12 10 0 1 12 435 302 444 290
0 1042 0.015625 0.1875 9 12 10 0 1 12 451 302 460 290
0 1043 0.015625 0.1875 8 12 9 0 1 12 468 302 476 290
0 1044 0 0.1875 12 15 12 0 0 12 482 304 494 289
0 1045 0.015625 0.1875 8 12 9 0 1 12 500 302 508 290
0 1046 0 0.1875 15 12 15 0 0 12 0 286 15 274
0 1047 0 0.1875 10 12 11 0 0 12 19 286 29 274
0 1048 0.015625 0.1875 10 12 11 0 1 12 35 286 45 274
0 1049 0.015625 0.25 10 16 11 0 1 16 51 288 61 272
0 1050 0.015625 0.1875 10 12 10 0 1 12 67 286 77 274
0 1051 0 0.1875 10 12 11 0 0 12 83 286 93 274
0 1052 0.015625 0.1875 12 12 14 0 1 12 98 286 110 274
0 1053 0.015625 0.1875 10 12 11 0 1 12 115 286 125 274
0 1054 0 0.1875 11 12 11 0 0 12 130 286 141 274
0 1055 0.015625 0.1875 10 12 11 0 1 12 147 286 157 274
0 1056 0.015625 0.1875 9 12 10 0 1 12 163 286 172 274
0 1057 0 0.1875 10 12 10 0 0 12 179 286 189 274
0 1058 0 0.1875 10 12 9 0 0 12 195 286 205 274
0 1059 0 0.1875 10 12 10 0 0 12 211 286 221 274
0 1060 0 0.1875 12 12 12 0 0 12 226 286 238 274
0 1061 0 0.1875 10 12 10 0 0 12 243 286 253 274
0 1062 0.015625 0.1875 11 15 12 0 1 12 258 288 269 273
0 1063 0.015625 0.1875 9 12 11 0 1 12 275 286 284 274
0 1064 0.015625 0.1875 13 12 15 0 1 12 289 286 302 274
0 1065 0.015625 0.1875 14 15 16 0 1 12 305 288 319 273
0 1066 0 0.1875 12 12 12 0 0 12 322 286 334 274
0 1067 0.015625 0.1875 12 12 14 0 1 12 338 286 350 274
0 1068 0.015625 0.1875 9 12 10 0 1 12 355 286 364 274
0 1069 0.015625 0.1875 9 12 11 0 1 12 371 286 380 274
0 1070 0.015625 0.1875 13 12 14 0 1 12 385 286 398 274
0 1071 0 0.1875 9 12 10 0 0 12 403 286 412 274
0 1072 0 0.140625 8 9 9 0 0 9 420 285 428 276
0 1073 0 0.1875 9 12 9 0 0 12 435 286 444 274
0 1074 0.015625 0.140625 8 9 9 0 1 9 452 285 460 276
0 1075 0.015625 0.140625 6 9 7 0 1 9 469 285 475 276
0 1076 0 0.140625 10 11 10 0 0 9 483 286 493 275
0 1077 0 0.140625 8 9 8 0 0 9 500 285 508 276
0 1078 0 0.140625 13 9 12 0 0 9 1 269 14 260
0 1079 0 0.140625 8 9 8 0 0 9 20 269 28 260
0 1080 0.015625 0.140625 7 9 9 0 1 9 36 269 43 260
0 1081 0.015625 0.203125 7 13 9 0 1 13 52 271 59 258
0 1082 0.015625 0.140625 8 9 8 0 1 9 68 269 76 260
0 1083 0 0.140625 8 9 9 0 0 9 84 269 92 260
0 1084 0.015625 0.140625 10 9 12 0 1 9 99 269 109 260
0 1085 0.015625 0.140625 7 9 9 0 1 9 116 269 123 260
0 1086 0 0.140625 9 9 9 0 0 9 131 269 140 260
0 1087 0.015625 0.140625 7 9 9 0 1 9 148 269 155 260
0 1088 0.015625 0.140625 8 13 9 0 1 9 164 271 172 258
0 1089 0 0.140625 8 9 9 0 0 9 180 269 188 260
0 1090 0 0.140625 8 9 8 0 0 9 196 269 204 260
0 1091 0 0.140625 8 13 8 0 0 9 212 271 220 258
0 1092 0 0.1875 11 16 12 0 0 12 226 272 237 256
0 1093 0 0.140625 8 9 8 0 0 9 244 269 252 260
0 1094 0.015625 0.140625 8 12 10 0 1 9 260 270 268 258
0 1095 0.015625 0.140625 7 9 9 0 1 9 276 269 283 260
0 1096 0.015625 0.140625 11 9 13 0 1 9 290 269 301 260
0 1097 0.015625 0.140625 13 12 14 0 1 9 305 270 318 258
0 1098 0 0.140625 10 9 10 0 0 9 323 269 333 260
0 1099 0.015625 0.140625 11 9 13 0 1 9 338 269 349 260
0 1100 0.015625 0.140625 7 9 9 0 1 9 356 269 363 260
0 1101 0 0.140625 8 9 9 0 0 9 372 269 380 260
0 1102 0.015625 0.140625 12 9 13 0 1 9 386 269 398 260
0 1103 0 0.140625 8 9 9 0 0 9 404 269 412 260
0 1104 0 0.203125 8 13 8 0 0 13 420 271 428 258
0 1105 0 0.1875 8 12 8 0 0 12 436 270 444 258
0 1106 -0.015625 0.1875 10 16 9 0 -1 12 451 272 461 256
0 1107 0.015625 0.203125 6 13 7 0 1 13 469 271 475 258
0 1108 0 0.140625 8 9 9 0 0 9 484 269 492 260
0 1109 0 0.140625 8 9 8 0 0 9 500 269 508 260
0 1110 0.015625 0.203125 2 13 4 0 1 13 7 255 9 242
0 1111 -0.015625 0.1875 6 12 4 0 -1 12 21 254 27 242
0 1112 -0.015625 0.203125 4 17 4 0 -1 13 38 256 42 239
0 1113 0 0.140625 14 9 14 0 0 9 49 253 63 244
0 1114 0.015625 0.140625 13 9 14 0 1 9 65 253 78 244
0 1115 0 0.1875 8 12 9 0 0 12 84 254 92 242
0 1116 0.015625 0.203125 8 13 8 0 1 13 100 255 108 242
0 1117 0.015625 0.203125 7 13 9 0 1 13 116 255 123 242
0 1118 0 0.203125 8 17 8 0 0 13 132 256 140 239
0 1119 0.015625 0.140625 7 12 9 0 1 9 148 254 155 242
0 1120 0.015625 0.1875 12 12 14 0 1 12 162 254 174 242
0 1121 0 0.140625 12 9 12 0 0 9 178 253 190 244
0 1122 -0.015625 0.1875 11 12 10 0 -1 12 194 254 205 242
0 1123 -0.015625 0.1875 9 12 9 0 -1 12 211 254 220 242
0 1124 0.015625 0.1875 13 12 14 0 1 12 225 254 238 242
0 1125 0.015625 0.140625 11 9 12 0 1 9 242 253 253 244
0 1126 0 0.1875 10 12 10 0 0 12 259 254 269 242
0 1127 0 0.140625 9 9 9 0 0 9 275 253 284 244
0 1128 0.015625 0.1875 13 12 14 0 1 12 289 254 302 242
0 1129 0.015625 0.140625 11 9 12 0 1 9 306 253 317 244
0 1130 0.015625 0.1875 12 12 14 0 1 12 322 254 334 242
0 1131 0.015625 0.15625 10 10 12 0 1 10 339 253 349 243
0 1132 0.015625 0.1875 17 12 18 0 1 12 352 254 369 242
0 1133 0.015625 0.140625 14 9 16 0 1 9 369 253 383 244
0 1134 0 0.25 8 19 8 0 0 16 388 256 396 237
0 1135 0 0.203125 7 16 8 0 0 13 404 256 411 240
0 1136 0 0.1875 11 12 11 0 0 12 418 254 429 242
0 1137 0 0.140625 11 13 11 0 0 9 434 255 445 242
0 1138 0 0.1875 11 12 11 0 0 12 450 254 461 242
0 1139 0 0.140625 9 9 9 0 0 9 467 253 476 244
0 1140 0 0.1875 10 12 10 0 0 12 483 254 493 242
0 1141 0 0.140625 9 9 8 0 0 9 499 253 508 244
0 1142 0 0.25 10 16 10 0 0 16 3 240 13 224
0 1143 0 0.203125 9 13 8 0 0 13 19 239 28 226
0 1144 0 0.1875 19 16 19 0 0 12 32 240 51 224
0 1145 0 0.140625 17 13 17 0 0 9 48 239 65 226
0 1146 0 0.203125 11 14 11 0 0 13 66 239 77 225
0 1147 0 0.15625 9 11 9 0 0 10 83 238 92 227
0 1148 0.015625 0.25 12 16 14 0 1 16 98 240 110 224
0 1149 0 0.203125 12 13 12 0 0 13 114 239 126 226
0 1150 0.015625 0.234375 12 15 14 0 1 15 130 240 142 225
0 1151 0 0.203125 12 13 12 0 0 13 146 239 158 226
0 1152 0 0.1875 10 15 10 0 0 12 163 240 173 225
0 1153 0 0.140625 8 12 9 0 0 9 180 238 188 226
0 1154 0 0.15625 10 10 10 0 0 10 195 237 205 227
0 1155 0.015625 0.1875 7 3 9 0 1 12 212 234 219 231
0 1156 0.015625 0.203125 7 3 9 0 1 13 228 234 235 231
0 1157 0.03125 0.203125 2 3 6 0 2 13 247 234 249 231
0 1158 0.03125 0.203125 3 3 7 0 2 13 262 234 265 231
0 1160 0 0.1875 16 15 16 0 0 12 272 240 288 225
0 1161 0 0.1875 16 15 16 0 0 12 288 240 304 225
0 1162 0.015625 0.25 11 18 11 0 1 16 306 240 317 222
0 1163 0.015625 0.203125 9 15 9 0 1 13 323 240 332 225
0 1164 -0.015625 0.1875 11 12 10 0 -1 12 338 238 349 226
0 1165 -0.015625 0.21875 9 14 9 0 -1 14 355 239 364 225
0 1166 0.015625 0.1875 9 12 10 0 1 12 371 238 380 226
0 1167 0.015625 0.140625 8 13 9 0 1 9 388 239 396 226
0 1168 0.015625 0.21875 8 14 9 0 1 14 404 239 412 225
0 1169 0.015625 0.171875 6 11 7 0 1 11 421 238 427 227
0 1170 -0.015625 0.1875 10 12 9 0 -1 12 435 238 445 226
0 1171 -0.015625 0.140625 8 9 7 0 -1 9 452 237 460 228
0 1172 0.015625 0.1875 9 15 10 0 1 12 467 240 476 225
0 1173 0.015625 0.140625 7 11 8 0 1 9 484 238 491 227
0 1174 0 0.1875 16 16 15 0 0 12 496 240 512 224
0 1175 0 0.140625 13 13 12 0 0 9 1 223 14 210
0 1176 0 0.1875 10 17 10 0 0 12 19 224 29 207
0 1177 0 0.140625 8 14 8 0 0 9 36 223 44 209
0 1178 0.015625 0.1875 11 16 10 0 1 12 50 224 61 208
0 1179 0.015625 0.140625 9 13 8 0 1 9 67 223 76 210
0 1180 0.015625 0.1875 9 12 10 0 1 12 83 222 92 210
0 1181 0.015625 0.140625 8 9 9 0 1 9 100 221 108 212
0 1182 -0.015625 0.1875 12 12 10 0 -1 12 114 222 126 210
0 1183 -0.015625 0.1875 10 12 8 0 -1 12 131 222 141 210
0 1184 0 0.1875 14 12 13 0 0 12 145 222 159 210
0 1185 0 0.140625 12 9 11 0 0 9 162 221 174 212
0 1186 0.015625 0.1875 11 16 11 0 1 12 178 224 189 208
0 1187 0.015625 0.140625 9 13 9 0 1 9 195 223 204 210
0 1188 0.015625 0.1875 14 12 16 0 1 12 209 222 223 210
0 1189 0.015625 0.140625 10 9 11 0 1 9 227 221 237 212
0 1190 0.015625 0.1875 15 15 16 0 1 12 240 224 255 209
0 1191 0.015625 0.140625 13 11 14 0 1 9 257 222 270 211
0 1192 0 0.203125 12 13 12 0 0 13 274 223 286 210
0 1193 0 0.15625 10 10 10 0 0 10 291 221 301 211
0 1194 0 0.1875 10 17 10 0 0 12 307 224 317 207
0 1195 0 0.140625 8 14 9 0 0 9 324 223 332 209
0 1196 0 0.1875 10 16 9 0 0 12 339 224 349 208
0 1197 0 0.140625 8 13 8 0 0 9 356 223 364 210
0 1198 0 0.1875 10 12 10 0 0 12 371 222 381 210
0 1199 0 0.140625 8 13 8 0 0 9 388 223 396 210
0 1200 0 0.1875 10 12 10 0 0 12 403 222 413 210
0 1201 0 0.140625 8 13 8 0 0 9 420 223 428 210
0 1202 0 0.1875 11 16 10 0 0 12 434 224 445 208
0 1203 0 0.140625 9 13 8 0 0 9 451 223 460 210
0 1204 0 0.1875 14 15 14 0 0 12 465 224 479 209
0 1205 0 0.140625 11 12 11 0 0 9 482 222 493 210
0 1206 0.015625 0.1875 10 16 11 0 1 12 499 224 509 208
0 1207 0.015625 0.140625 9 13 9 0 1 9 3 207 12 194
0 1208 0.015625 0.1875 9 12 11 0 1 12 19 206 28 194
0 1209 0.015625 0.140625 7 9 9 0 1 9 36 205 43 196
0 1210 0.015625 0.1875 9 12 11 0 1 12 51 206 60 194
0 1211 0.015625 0.140625 7 9 9 0 1 9 68 205 75 196
0 1212 0 0.1875 13 12 14 0 0 12 81 206 94 194
0 1213 -0.015625 0.140625 10 9 10 0 -1 9 99 205 109 196
0 1214 0 0.1875 13 17 12 0 0 12 113 208 126 191
0 1215 -0.015625 0.140625 10 13 10 0 -1 9 131 207 141 194
0 1216 0.015625 0.1875 3 12 5 0 1 12 150 206 153 194
0 1217 0 0.25 15 16 15 0 0 16 160 208 175 192
0 1218 0 0.203125 13 13 12 0 0 13 177 207 190 194
0 1219 0.015625 0.1875 9 15 10 0 1 12 195 208 204 193
0 1220 0.015625 0.140625 8 11 9 0 1 9 212 206 220 195
0 1221 0 0.1875 12 14 11 0 0 12 226 207 238 193
0 1222 0 0.140625 10 11 9 0 0 9 243 206 253 195
0 1223 0.015625 0.1875 10 16 11 0 1 12 259 208 269 192
0 1224 0.015625 0.140625 7 13 9 0 1 9 276 207 283 194
0 1225 0.015625 0.1875 11 14 11 0 1 12 290 207 301 193
0 1226 0.015625 0.140625 9 11 9 0 1 9 307 206 316 195
0 1227 0.015625 0.1875 9 16 11 0 1 12 323 208 332 192
0 1228 0.015625 0.140625 7 13 9 0 1 9 340 207 347 194
0 1229 0.015625 0.1875 13 14 14 0 1 12 353 207 366 193
0 1230 0.015625 0.140625 11 11 12 0 1 9 370 206 381 195
0 1231 0.015625 0.1875 3 12 5 0 1 12 390 206 393 194
0 1232 0 0.25 11 16 10 0 0 16 402 208 413 192
0 1233 0 0.203125 8 13 9 0 0 13 420 207 428 194
0 1234 0 0.234375 11 15 10 0 0 15 434 208 445 193
0 1235 0 0.1875 8 12 9 0 0 12 452 206 460 194
0 1236 -0.015625 0.1875 16 12 15 0 -1 12 464 206 480 194
0 1237 0 0.140625 13 9 14 0 0 9 481 205 494 196
0 1238 0.015625 0.25 8 16 9 0 1 16 500 208 508 192
0 1239 0 0.203125 8 13 8 0 0 13 4 191 12 178
0 1240 0 0.1875 11 12 11 0 0 12 18 190 29 178
0 1241 0.015625 0.140625 8 9 9 0 1 9 36 189 44 180
0 1242 0 0.234375 11 15 11 0 0 15 50 192 61 177
0 1243 0.015625 0.1875 8 12 9 0 1 12 68 190 76 178
0 1244 0 0.234375 15 15 13 0 0 15 80 192 95 177
0 1245 0 0.1875 13 12 12 0 0 12 97 190 110 178
0 1246 0 0.234375 10 15 11 0 0 15 115 192 125 177
0 1247 0 0.1875 8 12 9 0 0 12 132 190 140 178
0 1248 0 0.1875 9 12 9 0 0 12 147 190 156 178
0 1249 0 0.140625 9 12 9 0 0 9 163 190 172 178
0 1250 0.015625 0.234375 10 15 11 0 1 15 179 192 189 177
0 1251 0.015625 0.1875 7 12 9 0 1 12 196 190 203 178
0 1252 0.015625 0.234375 10 15 11 0 1 15 211 192 221 177
0 1253 0.015625 0.1875 7 12 9 0 1 12 228 190 235 178
0 1254 0 0.234375 11 15 11 0 0 15 242 192 253 177
0 1255 0 0.1875 9 12 9 0 0 12 259 190 268 178
0 1256 0 0.1875 11 12 11 0 0 12 274 190 285 178
0 1257 0 0.140625 9 9 9 0 0 9 291 189 300 180
0 1258 0 0.234375 11 15 11 0 0 15 306 192 317 177
0 1259 0 0.1875 9 12 9 0 0 12 323 190 332 178
0 1260 0.015625 0.234375 9 15 11 0 1 15 339 192 348 177
0 1261 0 0.1875 8 12 9 0 0 12 356 190 364 178
0 1262 0 0.234375 10 15 10 0 0 15 371 192 381 177
0 1263 0 0.1875 8 16 8 0 0 12 388 192 396 176
0 1264 0 0.234375 10 15 10 0 0 15 403 192 413 177
0 1265 0 0.1875 8 16 8 0 0 12 420 192 428 176
0 1266 0 0.25 10 16 10 0 0 16 435 192 445 176
0 1267 0 0.203125 8 17 8 0 0 13 452 192 460 175
0 1268 0.015625 0.234375 9 15 11 0 1 15 467 192 476 177
0 1269 0.015625 0.1875 7 12 9 0 1 12 484 190 491 178
0 1270 0.015625 0.1875 8 16 9 0 1 12 500 192 508 176
0 1271 0.015625 0.140625 6 13 7 0 1 9 5 175 11 162
0 1272 0.015625 0.234375 13 15 14 0 1 15 17 176 30 161
0 1273 0.015625 0.1875 10 12 13 0 1 12 35 174 45 162
0 1274 0 0.1875 10 16 10 0 0 12 51 176 61 160
0 1275 0 0.140625 8 13 7 0 0 9 68 175 76 162
0 1276 0 0.1875 10 16 10 0 0 12 83 176 93 160
0 1277 0 0.140625 9 13 8 0 0 9 99 175 108 162
0 1278 0 0.1875 10 12 10 0 0 12 115 174 125 162
0 1279 0 0.140625 8 9 8 0 0 9 132 173 140 164
0 1280 0 0.1875 9 12 10 0 0 12 147 174 156 162
0 1281 0 0.1875 8 12 9 0 0 12 164 174 172 162
0 1282 0 0.1875 13 12 13 0 0 12 177 174 190 162
0 1283 0 0.1875 13 13 14 0 0 12 193 175 206 162
0 1284 0 0.1875 12 13 13 0 0 12 210 175 222 162
0 1285 0 0.140625 10 10 10 0 0 9 227 173 237 163
0 1286 0 0.1875 8 15 9 0 0 12 244 176 252 161
0 1287 0 0.140625 8 12 8 0 0 9 260 174 268 162
0 1288 0 0.1875 15 13 16 0 0 12 272 175 287 162
0 1289 0 0.140625 13 10 13 0 0 9 289 173 302 163
0 1290 0.015625 0.1875 14 13 16 0 1 12 305 175 319 162
0 1291 0.015625 0.140625 12 10 13 0 1 9 322 173 334 163
0 1292 0 0.1875 10 12 10 0 0 12 339 174 349 162
0 1293 0 0.140625 8 9 8 0 0 9 356 173 364 164
0 1294 0 0.1875 11 13 11 0 0 12 370 175 381 162
0 1295 0 0.140625 10 10 10 0 0 9 387 173 397 163
0 1296 0.015625 0.1875 10 12 11 0 1 12 403 174 413 162
0 1297 0 0.140625 8 9 9 0 0 9 420 173 428 164
0 1298 0 0.1875 12 16 11 0 0 12 434 176 446 160
0 1299 0 0.140625 10 13 9 0 0 9 451 175 461 162
0 7680 0 0.1875 11 16 10 0 0 12 466 176 477 160
0 7681 0 0.140625 8 13 9 0 0 9 484 175 492 162
0 7742 0.015625 0.234375 12 15 14 0 1 15 498 176 510 161
0 7743 0.015625 0.203125 12 13 14 0 1 13 2 159 14 146
0 7808 0 0.234375 14 15 14 0 0 15 17 160 31 145
0 7809 0 0.203125 12 13 12 0 0 13 34 159 46 146
0 7810 0 0.234375 14 15 14 0 0 15 49 160 63 145
0 7811 0 0.203125 12 13 12 0 0 13 66 159 78 146
0 7812 0 0.234375 14 15 14 0 0 15 81 160 95 145
0 7813 0 0.1875 12 12 12 0 0 12 98 158 110 146
0 7840 0 0.1875 11 15 10 0 0 12 114 160 125 145
0 7841 0 0.140625 8 12 9 0 0 9 132 158 140 146
0 7842 0 0.265625 11 17 10 0 0 17 146 160 157 143
0 7843 0 0.21875 8 14 9 0 0 14 164 159 172 145
0 7844 0 0.265625 11 17 10 0 0 17 178 160 189 143
0 7845 0 0.21875 9 14 9 0 0 14 195 159 204 145
0 7846 0 0.265625 11 17 10 0 0 17 210 160 221 143
0 7847 -0.015625 0.21875 9 14 9 0 -1 14 227 159 236 145
0 7848 0 0.28125 11 18 10 0 0 18 242 160 253 142
0 7849 0 0.234375 10 15 9 0 0 15 259 160 269 145
0 7850 0 0.296875 11 19 10 0 0 19 274 160 285 141
0 7851 0 0.25 8 16 9 0 0 16 292 160 300 144
0 7852 0 0.25 11 19 10 0 0 16 306 160 317 141
0 7853 0 0.203125 8 16 9 0 0 13 324 160 332 144
0 7854 0 0.28125 11 18 10 0 0 18 338 160 349 142
0 7855 0 0.234375 8 15 9 0 0 15 356 160 364 145
0 7856 0 0.28125 11 18 10 0 0 18 370 160 381 142
0 7857 0 0.234375 8 15 9 0 0 15 388 160 396 145
0 7858 0 0.296875 11 19 10 0 0 19 402 160 413 141
0 7859 0 0.25 8 16 9 0 0 16 420 160 428 144
0 7860 0 0.296875 11 19 10 0 0 19 434 160 445 141
0 7861 0 0.25 8 16 9 0 0 16 452 160 460 144
0 7862 0 0.25 11 19 10 0 0 16 466 160 477 141
0 7863 0 0.203125 8 16 9 0 0 13 484 160 492 144
0 7864 0.015625 0.1875 8 15 9 0 1 12 500 160 508 145
0 7865 0 0.140625 8 12 8 0 0 9 4 142 12 130
0 7866 0.015625 0.265625 8 17 9 0 1 17 20 144 28 127
0 7867 0 0.21875 8 14 8 0 0 14 36 143 44 129
0 7868 0.015625 0.25 8 16 9 0 1 16 52 144 60 128
0 7869 0 0.203125 8 13 8 0 0 13 68 143 76 130
0 7870 0.015625 0.265625 9 17 9 0 1 17 83 144 92 127
0 7871 0 0.21875 10 14 8 0 0 14 99 143 109 129
0 7872 -0.015625 0.265625 10 17 9 0 -1 17 115 144 125 127
0 7873 -0.015625 0.21875 9 14 8 0 -1 14 131 143 140 129
0 7874 0.015625 0.28125 9 18 9 0 1 18 147 144 156 126
0 7875 0 0.234375 10 15 8 0 0 15 163 144 173 129
0 7876 0.015625 0.296875 8 19 9 0 1 19 180 144 188 125
0 7877 0 0.25 8 16 8 0 0 16 196 144 204 128
0 7878 0.015625 0.25 8 19 9 0 1 16 212 144 220 125
0 7879 0 0.203125 8 16 8 0 0 13 228 144 236 128
0 7880 0.015625 0.265625 4 17 5 0 1 17 246 144 250 127
0 7881 0.015625 0.21875 4 14 4 0 1 14 262 143 266 129
0 7882 0.015625 0.1875 3 15 5 0 1 12 278 144 281 129
0 7883 0.015625 0.203125 3 16 4 0 1 13 294 144 297 128
0 7884 0 0.1875 11 15 11 0 0 12 306 144 317 129
0 7885 0 0.140625 9 12 9 0 0 9 323 142 332 130
0 7886 0 0.265625 11 17 11 0 0 17 338 144 349 127
0 7887 0 0.21875 9 14 9 0 0 14 355 143 364 129
0 7888 0 0.265625 11 17 11 0 0 17 370 144 381 127
0 7889 0 0.21875 10 14 9 0 0 14 387 143 397 129
0 7890 0 0.265625 11 17 11 0 0 17 402 144 413 127
0 7891 -0.015625 0.21875 10 14 9 0 -1 14 419 143 429 129
0 7892 0 0.28125 11 18 11 0 0 18 434 144 445 126
0 7893 0 0.234375 10 15 9 0 0 15 451 144 461 129
0 7894 0 0.296875 11 19 11 0 0 19 466 144 477 125
0 7895 0 0.25 9 16 9 0 0 16 483 144 492 128
0 7896 0 0.25 11 19 11 0 0 16 498 144 509 125
0 7897 0 0.203125 9 16 9 0 0 13 3 128 12 112
0 7898 0 0.25 12 16 11 0 0 16 18 128 30 112
0 7899 0 0.203125 10 13 9 0 0 13 35 127 45 114
0 7900 0 0.25 12 16 11 0 0 16 50 128 62 112
0 7901 0 0.203125 10 13 9 0 0 13 67 127 77 114
0 7902 0 0.265625 12 17 11 0 0 17 82 128 94 111
0 7903 0 0.21875 10 14 9 0 0 14 99 127 109 113
0 7904 0 0.25 12 16 11 0 0 16 114 128 126 112
0 7905 0 0.203125 10 13 9 0 0 13 131 127 141 114
0 7906 0 0.203125 12 16 11 0 0 13 146 128 158 112
0 7907 0 0.15625 10 13 9 0 0 10 163 127 173 114
0 7908 0.015625 0.1875 9 15 11 0 1 12 179 128 188 113
0 7909 0.015625 0.140625 7 12 9 0 1 9 196 126 203 114
0 7910 0.015625 0.265625 9 17 11 0 1 17 211 128 220 111
0 7911 0.015625 0.21875 7 14 9 0 1 14 228 127 235 113
0 7912 0.015625 0.234375 12 15 11 0 1 15 242 128 254 113
0 7913 0.015625 0.203125 10 13 9 0 1 13 259 127 269 114
0 7914 0.015625 0.25 12 16 11 0 1 16 274 128 286 112
0 7915 0.015625 0.203125 10 13 9 0 1 13 291 127 301 114
0 7916 0.015625 0.265625 12 17 11 0 1 17 306 128 318 111
0 7917 0.015625 0.21875 10 14 9 0 1 14 323 127 333 113
0 7918 0.015625 0.25 12 16 11 0 1 16 338 128 350 112
0 7919 0.015625 0.203125 10 13 9 0 1 13 355 127 365 114
0 7920 0.015625 0.1875 12 15 11 0 1 12 370 128 382 113
0 7921 0.015625 0.15625 10 13 9 0 1 10 387 127 397 114
0 7922 0 0.234375 10 15 10 0 0 15 403 128 413 113
0 7923 0 0.203125 8 17 8 0 0 13 420 128 428 111
0 7924 0 0.1875 10 15 10 0 0 12 435 128 445 113
0 7925 0 0.140625 8 13 8 0 0 9 452 127 460 114
0 7926 0 0.265625 10 17 10 0 0 17 467 128 477 111
0 7927 0 0.21875 8 18 8 0 0 14 484 128 492 110
0 7928 0 0.25 10 16 10 0 0 16 499 128 509 112
0 7929 0 0.203125 8 17 8 0 0 13 4 112 12 95
0 8013 -0.046875 0.234375 14 15 11 0 -3 15 17 112 31 97
0 8192 0 0 0 0 8 0 0 0 40 104 40 104
0 8193 0 0 0 0 16 0 0 0 56 104 56 104
0 8194 0 0 0 0 8 0 0 0 72 104 72 104
0 8195 0 0 0 0 16 0 0 0 88 104 88 104
0 8196 0 0 0 0 5 0 0 0 104 104 104 104
0 8197 0 0 0 0 4 0 0 0 120 104 120 104
0 8198 0 0 0 0 3 0 0 0 136 104 136 104
0 8199 0 0 0 0 9 0 0 0 152 104 152 104
0 8200 0 0 0 0 4 0 0 0 168 104 168 104
0 8201 0 0 0 0 3 0 0 0 184 104 184 104
0 8202 0 0 0 0 2 0 0 0 200 104 200 104
0 8203 0 0 0 0 0 0 0 0 216 104 216 104
0 8211 0.015625 0.09375 10 2 11 0 1 6 227 105 237 103
0 8212 0.015625 0.09375 11 2 13 0 1 6 242 105 253 103
0 8213 0.015625 0.09375 11 2 13 0 1 6 258 105 269 103
0 8215 0 0 8 4 7 0 0 0 276 106 284 102
0 8216 0 0.1875 3 5 3 0 0 12 294 107 297 102
0 8217 0 0.1875 3 5 3 0 0 12 310 107 313 102
0 8218 0 0.03125 3 4 3 0 0 2 326 106 329 102
0 8219 0 0.1875 3 5 3 0 0 12 342 107 345 102
0 8220 0 0.1875 6 5 6 0 0 12 357 107 363 102
0 8221 0 0.1875 6 5 6 0 0 12 373 107 379 102
0 8222 0 0.03125 6 5 6 0 0 2 389 107 395 102
0 8224 0 0.1875 9 12 9 0 0 12 403 110 412 98
0 8225 0 0.1875 9 16 9 0 0 12 419 112 428 96
0 8226 0.015625 0.125 4 4 5 0 1 8 438 106 442 102
0 8229 0.015625 0.03125 5 2 8 0 1 2 453 105 458 103
0 8230 0.015625 0.03125 9 2 11 0 1 2 467 105 476 103
0 8240 0 0.1875 15 12 15 0 0 12 480 110 495 98
0 8242 0 0.1875 3 4 3 0 0 12 502 106 505 102
0 8243 0 0.1875 5 5 5 0 0 12 5 91 10 86
0 8249 0 0.109375 5 6 5 0 0 7 21 91 26 85
0 8250 0 0.109375 5 6 5 0 0 7 37 91 42 85
0 8252 0.015625 0.1875 6 12 8 0 1 12 53 94 59 82
0 8260 0 0.15625 7 9 7 0 0 10 68 93 75 84
0 8308 0 0.1875 7 8 7 0 0 12 84 92 91 84
0 8319 0 0.1875 6 7 7 0 0 12 101 92 107 85
0 8355 0 0.1875 9 12 9 0 0 12 115 94 124 82
0 8356 0 0.1875 9 12 9 0 0 12 131 94 140 82
0 8359 0.015625 0.1875 12 12 13 0 1 12 146 94 158 82
0 8363 0 0.1875 10 15 9 0 0 12 163 96 173 81
0 8364 0 0.1875 8 12 9 0 0 12 180 94 188 82
0 8453 0 0.1875 12 12 12 0 0 12 194 94 206 82
0 8467 0 0.1875 7 13 8 0 0 12 212 95 219 82
0 8470 0.015625 0.1875 16 12 18 0 1 12 224 94 240 82
0 8482 0 0.1875 9 5 10 0 0 12 243 91 252 86
0 8486 0 0.1875 10 12 11 0 0 12 259 94 269 82
0 8494 0.015625 0.140625 9 9 10 0 1 9 275 93 284 84
0 8539 0 0.1875 14 12 14 0 0 12 289 94 303 82
0 8540 0 0.1875 15 12 15 0 0 12 304 94 319 82
0 8541 0 0.1875 15 12 15 0 0 12 320 94 335 82
0 8542 0 0.1875 14 12 14 0 0 12 337 94 351 82
0 8706 0 0.1875 9 12 9 0 0 12 355 94 364 82
0 8710 0 0.1875 11 12 11 0 0 12 370 94 381 82
0 8719 0.015625 0.1875 9 14 11 0 1 12 387 95 396 81
0 8721 0 0.1875 10 14 9 0 0 12 403 95 413 81
0 8722 0.015625 0.09375 7 2 9 0 1 6 420 89 427 87
0 8730 0 0.1875 10 12 10 0 0 12 435 94 445 82
0 8734 0 0.140625 16 9 16 0 0 9 448 93 464 84
0 8747 -0.015625 0.1875 7 16 4 0 -1 12 468 96 475 80
0 8776 0 0.140625 9 7 9 0 0 9 483 92 492 85
0 8800 0.015625 0.15625 7 10 8 0 1 10 500 93 507 83
0 8804 0.015625 0.140625 7 9 8 0 1 9 4 77 11 68
0 8805 0.015625 0.140625 7 9 9 0 1 9 20 77 27 68
0 9674 0 0.1875 8 12 8 0 0 12 36 78 44 66
0 63171 0 0.03125 3 3 4 0 0 2 54 74 57 71
0 64257 0 0.1875 8 12 9 0 0 12 68 78 76 66
0 64258 0 0.1875 9 12 10 0 0 12 83 78 92 66
0 64259 0 0.1875 14 12 14 0 0 12 97 78 111 66
0 64260 0 0.1875 14 12 15 0 0 12 113 78 127 66
0 65279 0 0 0 0 0 0 0 0 136 72 136 72
0 65532 0 0.1875 16 15 16 0 0 12 144 80 160 65
0 65533 0 0.265625 16 22 16 0 0 17 160 80 176 58
