(left right width height horizontal_advance vertical_advance h_bearing_x h_bearing_y v_bearing_x v_bearing_y) 
version: 1
16
1
resources/fonts/Sarpanch-Regular.png
0 32 0 0 0 0 4 0 0 0 8 504 8 504
0 33 0.015625 0.15625 3 10 4 0 1 10 22 509 25 499
0 34 0 0.15625 5 4 5 0 0 10 37 506 42 502
0 35 0 0.15625 15 10 15 0 0 10 48 509 63 499
0 36 0.015625 0.1875 9 14 10 0 1 12 67 511 76 497
0 37 0 0.15625 17 10 17 0 0 10 80 509 97 499
0 38 0.015625 0.15625 12 11 13 0 1 10 98 510 110 499
0 39 0 0.15625 3 4 3 0 0 10 118 506 121 502
0 40 0.015625 0.171875 6 15 5 0 1 11 133 512 139 497
0 41 -0.015625 0.171875 5 15 5 0 -1 11 149 512 154 497
0 42 0 0.171875 7 6 7 0 0 11 164 507 171 501
0 43 0 0.125 10 6 10 0 0 8 179 507 189 501
0 44 0 0.03125 3 4 3 0 0 2 198 506 201 502
0 45 0 0.078125 6 1 6 0 0 5 213 505 219 504
0 46 0 0.03125 3 2 4 0 0 2 230 505 233 503
0 47 -0.015625 0.1875 9 14 6 0 -1 12 243 511 252 497
0 48 0.015625 0.15625 9 10 11 0 1 10 259 509 268 499
0 49 0 0.15625 4 10 5 0 0 10 278 509 282 499
0 50 0 0.15625 9 10 10 0 0 10 291 509 300 499
0 51 0.015625 0.15625 9 10 11 0 1 10 307 509 316 499
0 52 0 0.15625 11 10 10 0 0 10 322 509 333 499
0 53 0.015625 0.15625 9 10 10 0 1 10 339 509 348 499
0 54 0.015625 0.15625 9 10 10 0 1 10 355 509 364 499
0 55 0 0.15625 8 10 8 0 0 10 372 509 380 499
0 56 0.015625 0.15625 9 10 11 0 1 10 387 509 396 499
0 57 0.015625 0.15625 9 10 11 0 1 10 403 509 412 499
0 58 0 0.125 3 7 4 0 0 8 422 508 425 501
0 59 0 0.125 3 10 3 0 0 8 438 509 441 499
0 60 0 0.125 10 6 11 0 0 8 451 507 461 501
0 61 0.015625 0.109375 9 4 11 0 1 7 467 506 476 502
0 62 0 0.125 10 6 11 0 0 8 483 507 493 501
0 63 0 0.15625 9 10 9 0 0 10 499 509 508 499
0 64 0.015625 0.140625 16 10 18 0 1 9 0 493 16 483
0 65 0 0.15625 11 10 11 0 0 10 18 493 29 483
0 66 0.015625 0.15625 9 10 11 0 1 10 35 493 44 483
0 67 0.015625 0.15625 9 10 10 0 1 10 51 493 60 483
0 68 0.015625 0.15625 9 10 11 0 1 10 67 493 76 483
0 69 0.015625 0.15625 8 10 9 0 1 10 84 493 92 483
0 70 0.015625 0.15625 8 10 9 0 1 10 100 493 108 483
0 71 0.015625 0.15625 9 10 11 0 1 10 115 493 124 483
0 72 0.015625 0.15625 10 10 12 0 1 10 131 493 141 483
0 73 0.015625 0.15625 3 10 5 0 1 10 150 493 153 483
0 74 0 0.15625 9 10 9 0 0 10 163 493 172 483
0 75 0.015625 0.15625 10 10 11 0 1 10 179 493 189 483
0 76 0.015625 0.15625 8 10 9 0 1 10 196 493 204 483
0 77 0.015625 0.15625 12 10 14 0 1 10 210 493 222 483
0 78 0.015625 0.15625 9 10 12 0 1 10 227 493 236 483
0 79 0.015625 0.15625 9 10 11 0 1 10 243 493 252 483
0 80 0.015625 0.15625 9 10 11 0 1 10 259 493 268 483
0 81 0.015625 0.15625 8 12 10 0 1 10 276 494 284 482
0 82 0.015625 0.15625 9 10 11 0 1 10 291 493 300 483
0 83 0.015625 0.15625 9 10 10 0 1 10 307 493 316 483
0 84 0 0.15625 9 10 9 0 0 10 323 493 332 483
0 85 0.015625 0.15625 9 10 11 0 1 10 339 493 348 483
0 86 0 0.15625 11 10 11 0 0 10 354 493 365 483
0 87 0 0.15625 17 10 17 0 0 10 368 493 385 483
0 88 0 0.15625 11 10 11 0 0 10 386 493 397 483
0 89 0 0.15625 10 10 10 0 0 10 403 493 413 483
0 90 0 0.15625 10 10 10 0 0 10 419 493 429 483
0 91 0.015625 0.171875 5 15 5 0 1 11 437 496 442 481
0 92 -0.03125 0.1875 9 14 6 0 -2 12 451 495 460 481
0 93 -0.015625 0.171875 5 15 5 0 -1 11 469 496 474 481
0 94 0 0.171875 10 6 10 0 0 11 483 491 493 485
0 95 0 0 10 1 9 0 0 0 499 489 509 488
0 96 0.03125 0.171875 5 3 7 0 2 11 5 474 10 471
0 97 0.015625 0.125 8 8 10 0 1 8 20 476 28 468
0 98 0.015625 0.171875 8 11 10 0 1 11 36 478 44 467
0 99 0.015625 0.125 8 8 9 0 1 8 52 476 60 468
0 100 0.015625 0.171875 8 11 10 0 1 11 68 478 76 467
0 101 0.015625 0.125 8 8 10 0 1 8 84 476 92 468
0 102 0 0.171875 6 11 6 0 0 11 101 478 107 467
0 103 0.015625 0.125 8 10 10 0 1 8 116 477 124 467
0 104 0.015625 0.171875 8 11 10 0 1 11 132 478 140 467
0 105 0.015625 0.171875 3 11 5 0 1 11 150 478 153 467
0 106 -0.015625 0.171875 5 13 4 0 -1 11 165 479 170 466
0 107 0.015625 0.171875 9 11 10 0 1 11 179 478 188 467
0 108 0.015625 0.171875 2 11 5 0 1 11 199 478 201 467
0 109 0.015625 0.125 14 8 15 0 1 8 209 476 223 468
0 110 0.015625 0.125 8 8 10 0 1 8 228 476 236 468
0 111 0.015625 0.125 8 8 10 0 1 8 244 476 252 468
0 112 0.015625 0.125 8 10 10 0 1 8 260 477 268 467
0 113 0.015625 0.125 9 10 10 0 1 8 275 477 284 467
0 114 0.015625 0.125 5 8 6 0 1 8 293 476 298 468
0 115 0.015625 0.125 8 8 9 0 1 8 308 476 316 468
0 116 0 0.15625 6 10 6 0 0 10 325 477 331 467
0 117 0.015625 0.125 8 8 10 0 1 8 340 476 348 468
0 118 0 0.125 9 8 9 0 0 8 355 476 364 468
0 119 0 0.125 14 8 14 0 0 8 369 476 383 468
0 120 0 0.125 10 8 10 0 0 8 387 476 397 468
0 121 0 0.125 10 10 9 0 0 8 403 477 413 467
0 122 0 0.125 8 8 8 0 0 8 420 476 428 468
0 123 0.015625 0.171875 7 15 6 0 1 11 436 480 443 465
0 124 0.015625 0.1875 2 14 5 0 1 12 455 479 457 465
0 125 -0.015625 0.171875 7 15 6 0 -1 11 468 480 475 465
0 126 0.015625 0.09375 11 3 12 0 1 6 482 474 493 471
0 161 0.015625 0.125 2 10 4 0 1 8 503 477 505 467
0 162 0.015625 0.140625 8 10 9 0 1 9 4 461 12 451
0 163 0.015625 0.15625 10 10 11 0 1 10 19 461 29 451
0 164 0.015625 0.140625 10 8 11 0 1 9 35 460 45 452
0 165 0 0.15625 11 10 11 0 0 10 50 461 61 451
0 166 0.015625 0.1875 2 14 4 0 1 12 71 463 73 449
0 167 0.015625 0.171875 8 12 10 0 1 11 84 462 92 450
0 168 0.015625 0.15625 7 1 10 0 1 10 100 457 107 456
0 169 0.015625 0.15625 15 10 17 0 1 10 112 461 127 451
0 170 0 0.15625 6 6 7 0 0 10 133 459 139 453
0 171 0 0.109375 8 5 8 0 0 7 148 459 156 454
0 172 0 0.09375 11 4 12 0 0 6 162 458 173 454
0 173 0 0.078125 5 1 5 0 0 5 181 457 186 456
0 174 0 0.171875 9 6 10 0 0 11 195 459 204 453
0 175 0.03125 0.15625 6 1 10 0 2 10 213 457 219 456
0 176 0 0.15625 8 5 9 0 0 10 228 459 236 454
0 177 0.015625 0.125 9 7 11 0 1 8 243 460 252 453
0 178 0.015625 0.15625 5 6 6 0 1 10 261 459 266 453
0 179 0.015625 0.15625 5 6 7 0 1 10 277 459 282 453
0 180 0.03125 0.171875 5 3 10 0 2 11 293 458 298 455
0 181 0.015625 0.125 8 10 10 0 1 8 308 461 316 451
0 182 0.015625 0.15625 10 12 12 0 1 10 323 462 333 450
0 183 0.015625 0.09375 2 2 4 0 1 6 343 457 345 455
0 184 0.03125 -0.015625 5 3 10 0 2 -1 357 458 362 455
0 185 0 0.15625 3 6 4 0 0 10 374 459 377 453
0 186 0.015625 0.15625 5 6 7 0 1 10 389 459 394 453
0 187 0 0.109375 8 5 8 0 0 7 404 459 412 454
0 191 0.015625 0.125 9 10 10 0 1 8 419 461 428 451
0 192 0 0.21875 11 14 11 0 0 14 434 463 445 449
0 193 0 0.21875 11 14 11 0 0 14 450 463 461 449
0 194 0 0.21875 11 14 11 0 0 14 466 463 477 449
0 195 0 0.203125 11 13 11 0 0 13 482 463 493 450
0 196 0 0.1875 11 12 11 0 0 12 498 462 509 450
0 197 0 0.21875 11 14 11 0 0 14 2 447 13 433
0 198 0 0.15625 16 10 16 0 0 10 16 445 32 435
0 199 0.015625 0.15625 9 14 10 0 1 10 35 447 44 433
0 200 0.015625 0.21875 8 14 9 0 1 14 52 447 60 433
0 201 0.015625 0.21875 8 14 9 0 1 14 68 447 76 433
0 202 0.015625 0.21875 8 14 9 0 1 14 84 447 92 433
0 203 0.015625 0.1875 8 12 9 0 1 12 100 446 108 434
0 204 -0.03125 0.21875 6 14 5 0 -2 14 117 447 123 433
0 205 0.015625 0.21875 5 14 5 0 1 14 133 447 138 433
0 206 -0.015625 0.21875 8 14 5 0 -1 14 148 447 156 433
0 207 -0.015625 0.1875 7 12 5 0 -1 12 164 446 171 434
0 208 0.015625 0.15625 9 10 11 0 1 10 179 445 188 435
0 209 0.015625 0.203125 9 13 12 0 1 13 195 447 204 434
0 210 0.015625 0.21875 9 14 11 0 1 14 211 447 220 433
0 211 0.015625 0.21875 9 14 11 0 1 14 227 447 236 433
0 212 0.015625 0.21875 9 14 11 0 1 14 243 447 252 433
0 213 0.015625 0.203125 9 13 11 0 1 13 259 447 268 434
0 214 0.015625 0.1875 9 12 11 0 1 12 275 446 284 434
0 215 0.015625 0.140625 9 7 11 0 1 9 291 444 300 437
0 216 0.015625 0.15625 9 10 11 0 1 10 307 445 316 435
0 217 0.015625 0.21875 9 14 11 0 1 14 323 447 332 433
0 218 0.015625 0.21875 9 14 11 0 1 14 339 447 348 433
0 219 0.015625 0.21875 9 14 11 0 1 14 355 447 364 433
0 220 0.015625 0.1875 9 12 11 0 1 12 371 446 380 434
0 221 0 0.21875 10 14 10 0 0 14 387 447 397 433
0 222 0.015625 0.15625 9 10 11 0 1 10 403 445 412 435
0 223 0.015625 0.15625 11 10 13 0 1 10 418 445 429 435
0 224 0.015625 0.171875 8 11 10 0 1 11 436 446 444 435
0 225 0.015625 0.171875 8 11 10 0 1 11 452 446 460 435
0 226 0.015625 0.171875 8 11 10 0 1 11 468 446 476 435
0 227 0.015625 0.171875 8 11 10 0 1 11 484 446 492 435
0 228 0.015625 0.15625 8 10 10 0 1 10 500 445 508 435
0 229 0.015625 0.1875 8 12 10 0 1 12 4 430 12 418
0 230 0.015625 0.125 14 8 15 0 1 8 17 428 31 420
0 231 0.015625 0.125 8 12 9 0 1 8 36 430 44 418
0 232 0.015625 0.171875 8 11 10 0 1 11 52 430 60 419
0 233 0.015625 0.171875 8 11 10 0 1 11 68 430 76 419
0 234 0.015625 0.171875 8 11 10 0 1 11 84 430 92 419
0 235 0.015625 0.15625 8 10 10 0 1 10 100 429 108 419
0 236 -0.03125 0.171875 5 11 5 0 -2 11 117 430 122 419
0 237 0.015625 0.171875 5 11 5 0 1 11 133 430 138 419
0 238 -0.03125 0.171875 8 11 5 0 -2 11 148 430 156 419
0 239 -0.015625 0.15625 7 10 5 0 -1 10 164 429 171 419
0 240 0.015625 0.15625 9 10 6 0 1 10 179 429 188 419
0 241 0.015625 0.171875 8 11 10 0 1 11 196 430 204 419
0 242 0.015625 0.171875 8 11 10 0 1 11 212 430 220 419
0 243 0.015625 0.171875 8 11 10 0 1 11 228 430 236 419
0 244 0.015625 0.171875 8 11 10 0 1 11 244 430 252 419
0 245 0.015625 0.171875 8 11 10 0 1 11 260 430 268 419
0 246 0.015625 0.15625 8 10 10 0 1 10 276 429 284 419
0 247 0 0.125 10 6 10 0 0 8 291 427 301 421
0 248 0.015625 0.125 9 8 10 0 1 8 307 428 316 420
0 249 0.015625 0.171875 8 11 10 0 1 11 324 430 332 419
0 250 0.015625 0.171875 8 11 10 0 1 11 340 430 348 419
0 251 0.015625 0.171875 8 11 10 0 1 11 356 430 364 419
0 252 0.015625 0.15625 8 10 10 0 1 10 372 429 380 419
0 253 0 0.171875 10 13 9 0 0 11 387 431 397 418
0 254 0.015625 0.171875 8 13 10 0 1 11 404 431 412 418
0 255 0 0.15625 10 12 9 0 0 10 419 430 429 418
0 256 0 0.1875 11 12 11 0 0 12 434 430 445 418
0 257 0.015625 0.15625 8 10 10 0 1 10 452 429 460 419
0 258 0 0.21875 11 14 11 0 0 14 466 431 477 417
0 259 0.015625 0.171875 8 11 10 0 1 11 484 430 492 419
0 260 0 0.15625 11 14 11 0 0 10 498 431 509 417
0 261 0.015625 0.125 8 12 10 0 1 8 4 414 12 402
0 262 0.015625 0.21875 9 14 10 0 1 14 19 415 28 401
0 263 0.015625 0.171875 8 11 9 0 1 11 36 414 44 403
0 268 0.015625 0.21875 9 14 10 0 1 14 51 415 60 401
0 269 0.015625 0.171875 8 11 9 0 1 11 68 414 76 403
0 270 0.015625 0.21875 9 14 11 0 1 14 83 415 92 401
0 271 0.015625 0.171875 11 11 10 0 1 11 98 414 109 403
0 272 0.015625 0.15625 10 10 12 0 1 10 115 413 125 403
0 273 0.015625 0.171875 9 11 10 0 1 11 131 414 140 403
0 274 0.015625 0.1875 8 12 9 0 1 12 148 414 156 402
0 275 0.015625 0.15625 8 10 10 0 1 10 164 413 172 403
0 278 0.015625 0.1875 8 12 9 0 1 12 180 414 188 402
0 279 0.015625 0.15625 8 10 10 0 1 10 196 413 204 403
0 280 0.015625 0.15625 8 14 9 0 1 10 212 415 220 401
0 281 0.015625 0.125 8 12 10 0 1 8 228 414 236 402
0 282 0.015625 0.21875 8 14 9 0 1 14 244 415 252 401
0 283 0.015625 0.171875 8 11 10 0 1 11 260 414 268 403
0 286 0.015625 0.21875 9 14 11 0 1 14 275 415 284 401
0 287 0.015625 0.171875 8 13 10 0 1 11 292 415 300 402
0 290 0.015625 0.15625 9 14 11 0 1 10 307 415 316 401
0 291 0.015625 0.1875 8 14 10 0 1 12 324 415 332 401
0 298 -0.015625 0.1875 7 12 5 0 -1 12 340 414 347 402
0 299 -0.015625 0.15625 7 10 5 0 -1 10 356 413 363 403
0 302 -0.015625 0.15625 5 14 5 0 -1 10 373 415 378 401
0 303 -0.03125 0.171875 6 15 5 0 -2 11 389 416 395 401
0 304 0.015625 0.15625 3 10 5 0 1 10 406 413 409 403
0 305 0.015625 0.125 2 8 5 0 1 8 423 412 425 404
0 310 0.015625 0.15625 10 14 11 0 1 10 435 415 445 401
0 311 0.015625 0.171875 9 15 10 0 1 11 451 416 460 401
0 313 0.015625 0.21875 8 14 9 0 1 14 468 415 476 401
0 314 0.015625 0.21875 5 14 5 0 1 14 485 415 490 401
0 315 0.015625 0.15625 8 14 9 0 1 10 500 415 508 401
0 316 0.015625 0.171875 3 15 5 0 1 11 6 400 9 385
0 317 -0.03125 0.21875 11 14 9 0 -2 14 18 399 29 385
0 318 0.015625 0.171875 6 11 5 0 1 11 37 398 43 387
0 321 -0.015625 0.15625 10 10 9 0 -1 10 51 397 61 387
0 322 -0.015625 0.171875 6 11 5 0 -1 11 69 398 75 387
0 323 0.015625 0.21875 9 14 12 0 1 14 83 399 92 385
0 324 0.015625 0.171875 9 11 10 0 1 11 99 398 108 387
0 325 0.015625 0.15625 9 14 12 0 1 10 115 399 124 385
0 326 0.015625 0.125 8 12 10 0 1 8 132 398 140 386
0 327 0.015625 0.21875 9 14 12 0 1 14 147 399 156 385
0 328 0.015625 0.171875 8 11 10 0 1 11 164 398 172 387
0 332 0.015625 0.1875 9 12 11 0 1 12 179 398 188 386
0 333 0.015625 0.15625 8 10 10 0 1 10 196 397 204 387
0 336 0.015625 0.21875 10 14 11 0 1 14 211 399 221 385
0 337 0.015625 0.1875 10 12 10 0 1 12 227 398 237 386
0 338 0.015625 0.15625 14 10 15 0 1 10 241 397 255 387
0 339 0.015625 0.125 14 8 15 0 1 8 257 396 271 388
0 340 0.015625 0.21875 9 14 11 0 1 14 275 399 284 385
0 341 0.015625 0.171875 7 11 6 0 1 11 292 398 299 387
0 342 0.015625 0.15625 9 14 11 0 1 10 307 399 316 385
0 343 0.015625 0.125 5 12 6 0 1 8 325 398 330 386
0 344 0.015625 0.21875 9 14 11 0 1 14 339 399 348 385
0 345 0 0.171875 8 11 6 0 0 11 356 398 364 387
0 346 0.015625 0.21875 9 14 10 0 1 14 371 399 380 385
0 347 0.015625 0.171875 8 11 9 0 1 11 388 398 396 387
0 350 0.015625 0.15625 9 14 10 0 1 10 403 399 412 385
0 351 0.015625 0.125 8 12 9 0 1 8 420 398 428 386
0 352 0.015625 0.21875 9 14 10 0 1 14 435 399 444 385
0 353 0.015625 0.171875 8 11 9 0 1 11 452 398 460 387
0 354 0 0.15625 9 14 9 0 0 10 467 399 476 385
0 355 0 0.15625 9 14 9 0 0 10 483 399 492 385
0 356 0 0.21875 9 14 9 0 0 14 499 399 508 385
0 357 0 0.1875 6 12 6 0 0 12 5 382 11 370
0 362 0.015625 0.1875 9 12 11 0 1 12 19 382 28 370
0 363 0.015625 0.15625 8 10 10 0 1 10 36 381 44 371
0 366 0.015625 0.21875 9 14 11 0 1 14 51 383 60 369
0 367 0.015625 0.1875 8 12 10 0 1 12 68 382 76 370
0 368 0.015625 0.21875 10 14 11 0 1 14 83 383 93 369
0 369 0.015625 0.1875 10 12 10 0 1 12 99 382 109 370
0 370 0.015625 0.15625 9 14 11 0 1 10 115 383 124 369
0 371 0.015625 0.125 8 12 10 0 1 8 132 382 140 370
0 376 0 0.1875 10 12 10 0 0 12 147 382 157 370
0 377 0 0.21875 10 14 10 0 0 14 163 383 173 369
0 378 0 0.171875 8 11 8 0 0 11 180 382 188 371
0 379 0 0.1875 10 12 10 0 0 12 195 382 205 370
0 380 0 0.15625 8 10 8 0 0 10 212 381 220 371
0 381 0 0.21875 10 14 10 0 0 14 227 383 237 369
0 382 0 0.171875 8 11 8 0 0 11 244 382 252 371
0 402 0 0.171875 7 13 7 0 0 11 260 383 267 370
0 536 0.015625 0.15625 9 14 10 0 1 10 275 383 284 369
0 537 0.015625 0.125 8 12 9 0 1 8 292 382 300 370
0 538 0 0.15625 9 14 9 0 0 10 307 383 316 369
0 539 0 0.15625 6 14 6 0 0 10 325 383 331 369
0 710 0.015625 0.171875 8 3 10 0 1 11 340 378 348 375
0 711 0.015625 0.171875 8 3 10 0 1 11 356 378 364 375
0 713 0.015625 0.15625 5 1 7 0 1 10 373 377 378 376
0 728 0.015625 0.15625 7 2 10 0 1 10 388 377 395 375
0 729 0.046875 0.15625 3 1 10 0 3 10 406 377 409 376
0 730 0.03125 0.171875 6 3 10 0 2 11 421 378 427 375
0 731 0.03125 0 5 4 10 0 2 0 437 378 442 374
0 732 0.015625 0.171875 8 2 10 0 1 11 452 377 460 375
0 733 0.015625 0.171875 9 3 10 0 1 11 467 378 476 375
0 960 0.015625 0.125 12 8 14 0 1 8 482 380 494 372
0 2305 -0.09375 0.21875 9 3 0 0 -6 14 499 378 508 375
0 2306 -0.0625 0.1875 2 1 0 0 -4 12 7 361 9 360
0 2307 0.03125 0.125 3 6 6 0 2 8 22 363 25 357
0 2309 0.015625 0.15625 17 10 17 0 1 10 32 365 49 355
0 2310 0.015625 0.15625 22 10 23 0 1 10 48 365 70 355
0 2311 -0.015625 0.15625 14 10 12 0 -1 10 65 365 79 355
0 2312 -0.015625 0.203125 14 13 12 0 -1 13 81 367 95 354
0 2313 -0.015625 0.15625 13 10 12 0 -1 10 97 365 110 355
0 2314 -0.015625 0.15625 19 10 17 0 -1 10 112 365 131 355
0 2315 -0.015625 0.15625 23 10 21 0 -1 10 128 365 151 355
0 2316 -0.015625 0.15625 20 13 18 0 -1 10 144 367 164 354
0 2317 -0.015625 0.21875 15 14 13 0 -1 14 160 367 175 353
0 2318 -0.015625 0.203125 15 13 13 0 -1 13 176 367 191 354
0 2319 -0.015625 0.15625 15 10 13 0 -1 10 192 365 207 355
0 2320 -0.015625 0.203125 15 13 13 0 -1 13 208 367 223 354
0 2321 0.015625 0.21875 22 14 22 0 1 14 224 367 246 353
0 2322 0.015625 0.203125 22 13 22 0 1 13 240 367 262 354
0 2323 0.015625 0.203125 22 13 22 0 1 13 256 367 278 354
0 2324 0.03125 0.203125 22 13 23 0 2 13 272 367 294 354
0 2325 -0.015625 0.15625 19 10 17 0 -1 10 288 365 307 355
0 2326 -0.015625 0.15625 24 10 22 0 -1 10 304 365 328 355
0 2327 -0.015625 0.15625 20 10 18 0 -1 10 320 365 340 355
0 2328 -0.015625 0.15625 16 10 14 0 -1 10 336 365 352 355
0 2329 -0.015625 0.15625 15 10 14 0 -1 10 352 365 367 355
0 2330 -0.015625 0.15625 15 10 13 0 -1 10 368 365 383 355
0 2331 -0.015625 0.15625 19 10 17 0 -1 10 384 365 403 355
0 2332 -0.015625 0.15625 19 10 17 0 -1 10 400 365 419 355
0 2333 -0.015625 0.15625 19 10 18 0 -1 10 416 365 435 355
0 2334 -0.015625 0.15625 18 10 17 0 -1 10 432 365 450 355
0 2335 -0.015625 0.15625 14 10 12 0 -1 10 449 365 463 355
0 2336 -0.015625 0.15625 14 10 13 0 -1 10 465 365 479 355
0 2337 -0.015625 0.15625 14 10 12 0 -1 10 481 365 495 355
0 2338 -0.015625 0.15625 14 10 13 0 -1 10 497 365 511 355
0 2339 -0.015625 0.15625 19 10 18 0 -1 10 0 349 19 339
0 2340 -0.015625 0.15625 15 10 13 0 -1 10 16 349 31 339
0 2341 0.015625 0.15625 17 10 17 0 1 10 32 349 49 339
0 2342 -0.015625 0.15625 14 10 12 0 -1 10 49 349 63 339
0 2343 0.015625 0.15625 17 10 17 0 1 10 64 349 81 339
0 2344 -0.015625 0.15625 19 10 17 0 -1 10 80 349 99 339
0 2345 -0.015625 0.15625 19 11 17 0 -1 10 96 350 115 339
0 2346 -0.015625 0.15625 14 10 12 0 -1 10 113 349 127 339
0 2347 -0.015625 0.15625 20 10 18 0 -1 10 128 349 148 339
0 2348 -0.015625 0.15625 15 10 13 0 -1 10 144 349 159 339
0 2349 0.015625 0.15625 17 10 17 0 1 10 160 349 177 339
0 2350 -0.015625 0.15625 19 10 17 0 -1 10 176 349 195 339
0 2351 -0.015625 0.15625 17 10 15 0 -1 10 192 349 209 339
0 2352 -0.015625 0.15625 14 10 12 0 -1 10 209 349 223 339
0 2353 -0.015625 0.15625 14 12 12 0 -1 10 225 350 239 338
0 2354 -0.015625 0.15625 20 10 18 0 -1 10 240 349 260 339
0 2355 -0.015625 0.15625 19 9 17 0 -1 10 256 349 275 340
0 2356 -0.015625 0.15625 19 11 17 0 -1 10 272 350 291 339
0 2357 -0.015625 0.15625 14 10 12 0 -1 10 289 349 303 339
0 2358 0.03125 0.15625 17 10 18 0 2 10 304 349 321 339
0 2359 -0.015625 0.15625 15 10 13 0 -1 10 320 349 335 339
0 2360 -0.015625 0.15625 19 10 18 0 -1 10 336 349 355 339
0 2361 -0.015625 0.15625 14 10 12 0 -1 10 353 349 367 339
0 2364 -0.078125 -0.015625 3 1 0 0 -5 -1 374 345 377 344
0 2365 0.015625 0.15625 9 10 11 0 1 10 387 349 396 339
0 2366 -0.015625 0.15625 8 10 6 0 -1 10 404 349 412 339
0 2367 -0.015625 0.203125 17 13 6 0 -1 13 416 351 433 338
0 2368 -0.0625 0.203125 11 13 6 0 -4 13 434 351 445 338
0 2369 -0.140625 0 9 4 0 0 -9 0 451 346 460 342
0 2370 -0.125 0 10 4 0 0 -8 0 467 346 477 342
0 2371 -0.125 0 8 4 0 0 -8 0 484 346 492 342
0 2372 -0.125 0 8 7 0 0 -8 0 500 348 508 341
0 2373 -0.09375 0.21875 9 3 0 0 -6 14 3 330 12 327
0 2374 -0.140625 0.203125 9 4 0 0 -9 13 19 330 28 326
0 2375 -0.109375 0.203125 5 3 0 0 -7 13 37 330 42 327
0 2376 -0.125 0.203125 6 3 0 0 -8 13 53 330 59 327
0 2377 -0.015625 0.21875 8 14 6 0 -1 14 68 335 76 321
0 2378 -0.0625 0.203125 11 13 6 0 -4 13 82 335 93 322
0 2379 -0.015625 0.203125 8 13 6 0 -1 13 100 335 108 322
0 2380 -0.03125 0.203125 9 13 6 0 -2 13 115 335 124 322
0 2381 -0.0625 -0.015625 4 2 0 0 -4 -1 134 329 138 327
0 2384 0.015625 0.171875 17 11 17 0 1 11 144 334 161 323
0 2385 -0.0625 0.234375 2 4 0 0 -4 15 167 330 169 326
0 2386 -0.140625 -0.03125 9 1 0 0 -9 -2 179 329 188 328
0 2387 -0.09375 0.25 4 5 0 0 -6 16 198 331 202 326
0 2388 -0.0625 0.25 5 5 0 0 -4 16 213 331 218 326
0 2392 -0.015625 0.15625 19 11 17 0 -1 10 224 334 243 323
0 2393 -0.015625 0.15625 24 12 22 0 -1 10 240 334 264 322
0 2394 -0.015625 0.15625 20 11 18 0 -1 10 256 334 276 323
0 2395 -0.015625 0.15625 19 11 17 0 -1 10 272 334 291 323
0 2396 -0.015625 0.15625 14 12 12 0 -1 10 289 334 303 322
0 2397 -0.015625 0.15625 14 12 13 0 -1 10 305 334 319 322
0 2398 -0.015625 0.15625 20 11 18 0 -1 10 320 334 340 323
0 2399 -0.015625 0.15625 17 11 15 0 -1 10 336 334 353 323
0 2400 -0.015625 0.15625 23 10 21 0 -1 10 352 333 375 323
0 2401 -0.015625 0.15625 20 15 18 0 -1 10 368 336 388 321
0 2404 0.046875 0.15625 2 10 7 0 3 10 391 333 393 323
0 2405 0.046875 0.15625 8 10 13 0 3 10 404 333 412 323
0 2406 0.015625 0.15625 9 10 12 0 1 10 419 333 428 323
0 2407 0.015625 0.15625 6 10 8 0 1 10 437 333 443 323
0 2408 0.03125 0.15625 9 10 12 0 2 10 451 333 460 323
0 2409 0.015625 0.15625 9 10 12 0 1 10 467 333 476 323
0 2410 0.015625 0.15625 10 10 12 0 1 10 483 333 493 323
0 2411 0.015625 0.15625 9 10 12 0 1 10 499 333 508 323
0 2412 0.015625 0.15625 10 10 12 0 1 10 3 317 13 307
0 2413 0.015625 0.15625 8 10 9 0 1 10 20 317 28 307
0 2414 0.015625 0.15625 9 10 11 0 1 10 35 317 44 307
0 2415 0.015625 0.15625 10 10 12 0 1 10 51 317 61 307
0 2416 0.015625 0.109375 8 5 11 0 1 7 68 315 76 310
0 2418 0.015625 0.21875 17 14 17 0 1 14 80 319 97 305
0 2429 0.03125 0.171875 8 11 11 0 2 11 100 318 108 307
0 8203 0 0 0 0 0 0 0 0 120 312 120 312
0 8204 -0.015625 0.203125 2 19 0 0 -1 13 135 320 137 301
0 8205 -0.046875 0.203125 6 19 0 0 -3 13 149 320 155 301
0 8211 0 0.078125 9 1 9 0 0 5 163 313 172 312
0 8212 0 0.078125 14 1 14 0 0 5 177 313 191 312
0 8216 0 0.15625 3 4 3 0 0 10 198 314 201 310
0 8217 0 0.15625 3 4 3 0 0 10 214 314 217 310
0 8218 0 0.03125 3 4 3 0 0 2 230 314 233 310
0 8220 0 0.15625 5 4 6 0 0 10 245 314 250 310
0 8221 0 0.15625 5 4 6 0 0 10 261 314 266 310
0 8222 0 0.03125 5 4 6 0 0 2 277 314 282 310
0 8224 0.015625 0.15625 8 12 10 0 1 10 292 318 300 306
0 8225 0.015625 0.15625 8 12 10 0 1 10 308 318 316 306
0 8226 0.015625 0.109375 5 4 7 0 1 7 325 314 330 310
0 8230 0 0.03125 11 2 11 0 0 2 338 313 349 311
0 8240 0 0.15625 24 10 24 0 0 10 352 317 376 307
0 8249 0 0.109375 5 5 5 0 0 7 373 315 378 310
0 8250 0 0.109375 5 5 5 0 0 7 389 315 394 310
0 8260 0 0.15625 9 10 9 0 0 10 403 317 412 307
0 8364 0 0.15625 11 10 11 0 0 10 418 317 429 307
0 8482 0 0.15625 15 5 15 0 0 10 432 315 447 310
0 8486 0 0.15625 12 10 12 0 0 10 450 317 462 307
0 8719 0 0.15625 11 10 12 0 0 10 466 317 477 307
0 8722 0 0.078125 10 1 10 0 0 5 483 313 493 312
0 8725 -0.015625 0.1875 9 14 6 0 -1 12 499 319 508 305
0 8729 0 0.09375 3 2 3 0 0 6 6 297 9 295
0 8734 0 0.125 15 5 15 0 0 8 16 299 31 294
0 8747 0 0.1875 6 14 6 0 0 12 37 303 43 289
0 8776 0.015625 0.125 11 6 12 0 1 8 50 299 61 293
0 8800 0.015625 0.140625 9 8 11 0 1 9 67 300 76 292
0 8804 0 0.140625 11 7 12 0 0 9 82 300 93 293
0 8805 0.015625 0.140625 10 7 12 0 1 9 99 300 109 293
0 9674 0 0.15625 11 10 11 0 0 10 114 301 125 291
0 9676 0.015625 0.109375 5 6 7 0 1 7 133 299 138 293
0 63171 0.0625 0 2 3 10 0 4 0 151 298 153 295
0 64257 0.015625 0.171875 8 11 10 0 1 11 164 302 172 291
0 64258 0.015625 0.171875 8 11 10 0 1 11 180 302 188 291
